91535	10.179283	49.377149
91623	10.661049	49.289027
91625	10.178253	49.198316
91626	10.304867	49.12167
91714	10.597165	49.041234
91575	10.826729	49.248426
91541	10.175		49.439981
91541	10.202752	49.351657
91541	10.310404	49.365617
91541	10.164123	49.302953
91541	10.223165	49.372174
91541	10.210426	49.469719
91541	10.212126	49.421065
91541	10.299785	49.398478
91583	10.333667	49.330095
91583	10.187948	49.309419
91583	10.282302	49.254123
91583	10.259851	49.286469
91583	10.156711	49.258406
91637	10.243327	49.254589
91629	10.697953	49.358083
91622	10.58597	49.400863
91629	10.627532	49.355549
91746	10.656101	49.175996
91746	10.644209	49.198052
91596	10.479999	49.132731
91599	10.42364	49.147916
91632	10.482033	49.160911
91614	10.361003	49.020359
91634	10.450092	49.039601
91634	10.390733	49.026625
91725	10.540645	49.087977
91725	10.5104		49.053202
91725	10.560231	49.057243
91725	10.620069	49.080616
91725	10.480414	49.059893
91734	10.796968	49.212292
91639	10.723299	49.226119
91323	10.892848	49.714781
91081	11.034277	49.663221
91088	11.015911	49.628271
90542	11.201758	49.574111
91334	10.939122	49.683384
90560	11.156797	49.535894
91072	10.883873	49.568566
91311	10.805721	49.70285
90562	11.129965	49.55682
91096	11.000309	49.639461
91339	10.926701	49.67125
96193	10.714318	49.750949
91085	10.825606	49.622663
91315	10.836116	49.697348
91315	10.764789	49.698239
91315	10.775829	49.753344
91315	10.650272	49.687248
91086	10.822529	49.575073
91086	10.769904	49.589955
91080	11.050632	49.593363
91080	11.065614	49.617391
91080	11.05448	49.608953
91080	11.074132	49.596791
91093	10.875794	49.631864
91093	10.909826	49.627077
90614	10.853041	49.421097
90553	10.853014	49.457442
90613	10.78977	49.40395
90576	10.795598	49.495288
90519	10.958495	49.422443
90617	10.832113	49.522831
90574	10.886133	49.398892
90543	11.015582	49.414352
91452	10.714372	49.482292
90505	10.956456	49.441541
90587	10.876962	49.487394
90587	10.883973	49.512186
90587	10.909913	49.530771
90587	10.85974	49.530546
90515	11.354924	49.385516
90559	11.315139	49.351392
90531	11.214677	49.375014
91214	11.429693	49.507981
91241	11.421843	49.556363
91205	11.278019	49.511562
91227	11.308645	49.449884
91284	11.548709	49.629382
91231	11.318875	49.526136
91242	11.341643	49.509901
91221	11.512782	49.503169
91244	11.375207	49.512398
90548	11.238754	49.482066
90603	11.242961	49.493374
91220	11.341063	49.559467
90564	11.199107	49.472306
90588	11.240717	49.355442
91245	11.33841	49.597489
90610	11.302228	49.387934
91235	11.523338	49.596327
91235	11.510901	49.613677
91235	11.493948	49.557506
91228	11.543979	49.428806
91228	11.471277	49.49335
91239	11.398281	49.471886
91239	11.390931	49.496846
91239	11.412171	49.450965
91425	10.4192		49.502758
96152	10.599379	49.732278
91463	10.540104	49.557686
91448	10.717297	49.551754
91472	10.483195	49.526422
91457	10.65224	49.493537
91406	10.608748	49.580824
91619	10.467934	49.44945
91439	10.514136	49.613982
91439	10.426955	49.647938
91439	10.554177	49.699912
91439	10.43155	49.709395
91439	10.462384	49.665093
91439	10.435371	49.602746
97210	10.327624	49.510702
97210	10.192689	49.570716
97210	10.095223	49.562474
97210	10.224031	49.602473
97210	10.355455	49.591076
97210	10.136126	49.599867
97210	10.12469	49.531539
97210	10.23424	49.543977
97210	10.261001	49.575806
91489	10.771067	49.533835
91489	10.737654	49.563552
91456	10.536906	49.623971
91456	10.627065	49.595487
91456	10.630608	49.615634
91456	10.595943	49.638754
91486	10.706058	49.63911
91486	10.691437	49.630671
91486	10.722083	49.671251
91593	10.324447	49.450379
91593	10.279387	49.458198
91593	10.379179	49.479858
91593	10.363102	49.443326
90616	10.643548	49.456964
90616	10.590874	49.457658
91183	10.963543	49.241445
90580	11.236588	49.251415
91186	11.052778	49.266782
91166	11.013793	49.188088
91167	11.353332	49.046413
91180	11.126163	49.132203
91155	11.191942	49.189352
91126	10.973596	49.292699
90596	11.121747	49.301279
91126	11.079203	49.30264
91187	11.031847	49.151493
91189	10.888468	49.339046
91142	11.09177	49.246218
91174	10.924875	49.176586
91177	11.218105	49.087489
90523	11.145608	49.355128
91735	10.71106	49.155246
91705	10.759225	49.113471
91799	10.93313	48.893971
91788	10.974589	48.934776
91782	10.985801	49.105396
91805	10.710624	48.919506
91807	10.994054	48.895721
91753	10.905667	48.958425
91780	10.971667	49.030107
91710	10.881266	49.14455
91710	10.770916	49.175184
91710	10.838689	49.104669
91710	10.852464	49.083211
91802	10.866072	49.046568
91802	10.788649	49.0573
91802	10.844561	49.007979
91802	10.813813	49.029251
91791	10.967915	49.060787
91791	11.055181	49.078287
91791	11.005087	49.062695
91790	11.114011	49.073591
91790	11.097575	49.033186
91790	11.131541	49.046734
91790	11.126572	49.014939
91719	10.71384	49.059888
91719	10.743353	49.017099
91719	10.66252	49.003705
63701	9.147832	49.973506
97420	10.233723	50.046685
97067	9.93725		49.79393
63754	9.071865	50.08681
63856	9.246066	49.961041
63791	9.008497	50.048052
63826	9.198109	50.122675
63864	9.149913	50.007221
63770	9.183308	49.997821
63757	9.074496	49.919187
63802	9.202982	49.964977
63763	9.203202	50.003889
63867	9.143557	50.030749
63792	9.005138	50.070353
63797	9.062952	49.99941
63844	9.297033	50.013879
63812	9.087302	49.981077
63776	9.16584		50.068869
63860	9.397565	49.967421
63877	9.255757	50.024451
63809	9.063789	49.979668
63857	9.299923	49.9742
63879	9.365114	49.93084
63869	9.372024	50.026068
63869	9.344068	50.071523
63872	9.303118	49.895194
63872	9.289835	49.916005
63872	9.336741	49.861134
63825	9.232669	50.063453
63825	9.275529	50.106403
63825	9.206654	50.083556
63825	9.245601	50.085774
63825	9.258161	50.070187
63825	9.240606	50.125878
63825	9.363698	50.112221
97706	10.081545	50.265911
97769	9.790706	50.310422
97672	10.078935	50.199823
97705	9.994308	50.268196
97755	9.89097		50.115381
97786	9.770842	50.396626
97702	10.194415	50.248803
97718	10.123789	50.22115
97723	9.961254	50.198925
97712	10.133814	50.143733
97797	9.787031	50.166472
97770	9.906676	50.375776
97799	9.671643	50.262347
97764	9.893743	50.279954
97764	9.804018	50.273228
97764	9.860312	50.319842
97764	9.859881	50.269823
97725	9.964231	50.145341
97725	9.932065	50.108503
97717	10.00738	50.164483
97717	10.019246	50.147727
97717	10.069741	50.13965
97717	10.034484	50.131792
97711	10.275658	50.184506
97711	10.205231	50.166289
97711	10.319093	50.200112
97615	10.216904	50.322861
97654	10.202195	50.401071
97653	10.008969	50.400975
97631	10.467271	50.299384
97656	10.119621	50.440597
97657	10.007866	50.347686
97638	10.353266	50.394282
97638	10.305483	50.42846
97638	10.286933	50.402879
97638	10.27181	50.458635
97631	10.434479	50.334541
97631	10.36886	50.268767
97631	10.501167	50.330664
97631	10.449813	50.363026
97631	10.561715	50.240205
97631	10.404897	50.260471
97631	10.570532	50.319836
97618	10.17179	50.314143
97607	10.17964	50.296206
97607	10.279487	50.3201
97607	10.20876	50.309492
97607	10.104756	50.380479
97607	10.232177	50.283115
97607	10.17997	50.276566
97648	10.144596	50.522474
97647	10.12623	50.505343
97650	10.182341	50.478937
97618	10.258		50.35418
97618	10.288395	50.353197
97618	10.256949	50.377932
97618	10.225025	50.365686
97642	10.230125	50.457945
97642	10.158379	50.464086
97642	10.241892	50.501247
97633	10.409736	50.300535
97633	10.354982	50.317076
97633	10.34169	50.33356
97480	10.664635	49.971589
97432	10.506648	50.031494
97514	10.660283	49.926205
97476	10.546513	49.994429
97484	10.569258	50.080997
96124	10.658122	50.197969
96181	10.552708	49.888834
97522	10.588094	49.987545
96190	10.856144	50.126535
97470	10.595267	50.008547
97500	10.70173	50.018072
97500	10.674474	49.984027
97500	10.716606	50.043605
97500	10.724647	49.971541
96104	10.795557	50.097475
96104	10.737993	50.14588
96104	10.798737	50.065013
97457	10.436956	50.154108
97457	10.522238	50.214316
97457	10.652749	50.14024
97457	10.525353	50.139053
97457	10.450476	50.120708
97457	10.625268	50.208977
97531	10.343449	50.024261
97531	10.447021	50.019983
97531	10.466646	50.011902
97337	10.160342	49.801715
96160	10.470633	49.773441
97318	10.159239	49.736047
97350	10.218579	49.708023
97357	10.350427	49.817844
97359	10.230255	49.799637
97351	10.372217	49.77071
97355	10.34926	49.743044
97351	10.342259	49.765202
97351	10.343607	49.794578
97320	10.239866	49.755099
97320	10.285372	49.770453
97320	10.305512	49.747215
97344	10.259423	49.70383
97344	10.295646	49.687505
97344	10.244063	49.728659
97344	10.231733	49.680328
97318	10.158976	49.770836
97318	10.08231	49.764669
97318	10.135227	49.759408
97318	10.152113	49.772867
97318	10.130682	49.708224
97340	10.144126	49.668679
97340	10.135151	49.696729
97340	10.149589	49.62401
97340	10.166032	49.65804
97340	10.142531	49.673075
97340	10.21951	49.641667
97326	10.18145	49.858395
97326	10.204484	49.828894
97332	10.226896	49.864209
63913	9.21813		49.644565
97903	9.338969	49.771638
97904	9.380231	49.778692
63928	9.327814	49.705561
63815	9.161132	49.846407
63902	9.160594	49.802337
63861	9.256995	49.820249
97906	9.442597	49.783411
63918	9.221888	49.727262
63868	9.158679	49.878601
63931	9.177112	49.618171
63911	9.183177	49.783497
63847	9.218337	49.902153
63887	9.257405	49.701266
63850	9.083711	49.858373
63843	9.137005	49.911359
63778	9.143788	49.842701
63936	9.247183	49.639942
63834	9.151373	49.908857
63937	9.214786	49.666356
63939	9.156411	49.797293
63927	9.267557	49.71697
63927	9.398533	49.706531
63921	9.209407	49.719166
63921	9.173847	49.744751
63921	9.180702	49.711322
63835	9.209492	49.869813
63839	9.166624	49.872351
63933	9.266743	49.792408
63934	9.247397	49.773849
97909	9.401534	49.827992
97909	9.408401	49.783331
97448	9.966942	49.978736
97776	9.808713	49.989568
97833	9.470432	50.063544
97732	9.700757	50.051307
97747	9.764132	49.962153
97855	9.602788	49.811476
97803	9.575872	49.993219
97820	9.600307	49.844144
97794	9.648272	50.093154
97892	9.491265	49.793076
97892	9.515263	49.766448
97892	9.463565	49.835206
97828	9.694672	49.858627
97828	9.492085	49.868565
97828	9.626853	49.819185
97828	9.52914		49.852286
97828	9.603567	49.869021
97828	9.637912	49.867316
97828	9.626192	49.89529
97828	9.589787	49.890749
97828	9.671485	49.901792
97775	9.574579	50.174553
97775	9.649037	50.147057
97775	9.589888	50.152252
97775	9.614814	50.193443
97775	9.615206	50.209147
97737	9.781104	50.019333
97737	9.738256	50.121214
97733	9.783261	50.041066
97804	9.645834	50.036072
97804	9.56761		49.930042
97804	9.507095	49.983652
97854	9.668391	49.951957
97225	9.799753	49.924436
97225	9.883252	49.911125
97225	9.857816	49.941657
97225	9.816925	49.899077
97846	9.41984		50.003105
97846	9.516827	50.041254
97846	9.430765	50.030589
97493	10.180496	50.006556
97456	10.220886	50.075653
97502	10.129282	50.062868
97505	10.154551	50.041966
97465	10.282762	50.019951
97506	10.198374	50.002934
97508	10.312228	49.98423
97509	10.236498	49.919644
97462	10.173179	50.063452
97490	10.144501	50.100273
97520	10.215423	49.985703
97451	10.304632	50.051285
97525	10.248666	49.990136
97526	10.254735	50.03895
97488	10.359977	50.187339
97532	10.269843	50.092281
97534	10.121655	49.962578
97535	10.029698	50.095045
97438	10.099729	49.982612
97441	10.387831	49.906407
97441	10.417671	49.969906
97441	10.313963	49.887039
97441	10.350935	49.899878
97441	10.320149	49.867669
97441	10.430249	49.90689
97441	10.410276	49.860794
97441	10.339803	49.946332
97523	10.137673	49.921585
97523	10.178171	49.921203
97249	9.829509	49.759499
97253	10.002455	49.63341
97216	9.982932	49.778601
97261	9.906743	49.869746
97262	10.027047	49.927963
97200	9.881124	49.784677
97271	9.844336	49.699387
97273	10.039905	49.846629
97277	9.671808	49.730719
97195	10.060849	49.665427
97236	9.981329	49.759892
97234	9.916221	49.731665
97219	9.956389	49.857057
97226	10.026372	49.790279
97288	10.030428	49.753886
97291	9.84164		49.878637
97274	9.798952	49.865408
97294	10.044621	49.868528
97206	9.87255		49.833205
97295	9.800435	49.758046
97297	9.842148	49.787616
97299	9.86927		49.811009
97239	10.06413	49.552013
97239	10.020985	49.572998
97239	10.001698	49.59447
97241	10.067369	49.898712
97241	10.084387	49.878343
97246	10.000876	49.724853
97246	10.09358	49.671127
97246	10.025809	49.70595
97246	10.014912	49.707964
97230	10.004205	49.830509
97230	10.17989	49.890048
97230	10.128597	49.863381
97231	9.879553	49.599237
97232	9.947387	49.653361
97264	9.707536	49.760728
97264	9.6806		49.782004
97264	9.694674	49.80431
97264	9.729739	49.795403
97268	9.900551	49.684161
97268	9.858042	49.655984
97270	9.844814	49.744374
97270	9.763603	49.727574
97276	9.842166	49.860126
97276	9.863862	49.835946
97285	10.008247	49.514836
97285	9.974407	49.556588
97285	9.969553	49.510442
97285	9.935868	49.49422
97265	9.765505	49.814012
97265	9.815768	49.801523
86143	10.892578	48.369696
87577	10.620583	47.879698
87435	10.317823	47.724016
87688	10.184968	47.988445
86444	10.981809	48.457486
86542	11.133655	48.461439
86313	10.98469	48.353917
86568	11.075061	48.488339
86570	11.115454	48.511007
86425	10.98699	48.295828
86504	10.983652	48.244229
86508	10.924886	48.486862
86510	11.0435		48.289864
86447	10.953041	48.513814
86447	11.018061	48.507729
86447	10.930284	48.516117
86556	11.184385	48.49172
86556	11.249492	48.461785
86451	11.137667	48.35707
86451	11.048293	48.384785
86451	11.085901	48.335239
86451	11.064895	48.421666
86451	11.164857	48.402055
86406	10.984519	48.262556
86406	10.965841	48.212774
86406	11.001126	48.215553
86552	11.089143	48.584611
86552	10.960289	48.588885
86477	10.719444	48.425522
86450	10.590476	48.464837
86482	10.775351	48.404945
86485	10.811551	48.518491
86394	10.835456	48.271966
86420	10.782147	48.357991
86421	10.590678	48.347727
86846	10.655696	48.290438
86456	10.82349	48.455715
86358	10.87901	48.424752
86836	10.822428	48.188776
86497	10.683894	48.394913
86331	10.889586	48.267499
86500	10.693702	48.341876
86462	10.855713	48.492842
86400	10.853575	48.546673
86344	10.831597	48.395449
86827	10.757701	48.179039
86382	10.845885	48.36738
86672	10.907739	48.566043
86517	10.800312	48.245187
86439	10.596714	48.398719
86695	10.804495	48.612811
86695	10.799608	48.59731
86695	10.869101	48.59937
86695	10.820736	48.56553
86695	10.831375	48.594912
86695	10.836618	48.5734
86463	10.706286	48.439122
86463	10.673265	48.489038
86463	10.736938	48.459
86463	10.658608	48.457621
86459	10.733868	48.331324
86459	10.640653	48.31583
86863	10.605163	48.265334
86863	10.639736	48.244483
86863	10.596906	48.175397
86863	10.640778	48.180734
86863	10.590225	48.226006
86845	10.781536	48.228812
86845	10.840706	48.219286
86845	10.85721	48.238311
86836	10.829978	48.158939
86837	10.814241	48.160674
86851	10.718065	48.161613
86851	10.759404	48.142528
86657	10.617074	48.714739
86644	10.721496	48.604377
89407	10.495232	48.580882
89412	10.429935	48.570341
89421	10.312137	48.546161
89421	10.367549	48.549064
89421	10.377094	48.597246
89421	10.318138	48.567599
89428	10.321505	48.632815
89428	10.301133	48.657789
89428	10.324288	48.673287
89424	10.430915	48.644493
89424	10.414959	48.620356
89424	10.39664	48.654111
89420	10.618163	48.631656
89420	10.567234	48.611681
89420	10.544484	48.646718
89420	10.497394	48.656942
89420	10.65185	48.655503
86635	10.640403	48.557831
86635	10.695387	48.529665
86637	10.615175	48.509484
86635	10.682234	48.561969
86635	10.635449	48.530034
89438	10.455887	48.506631
89438	10.484402	48.499951
89438	10.529584	48.513757
86513	10.444326	48.265505
89346	10.18502	48.417306
89327	10.406193	48.431944
89349	10.448229	48.339553
89305	10.281413	48.45447
89341	10.435838	48.389095
89358	10.364935	48.372717
86371	10.360594	48.242164
89336	10.223257	48.448055
86476	10.360202	48.304251
89362	10.404234	48.501014
89362	10.361991	48.482447
89362	10.352678	48.458365
89356	10.433249	48.466778
89356	10.449315	48.437474
89356	10.5234		48.43447
89356	10.444424	48.424444
89356	10.488332	48.464226
89359	10.253443	48.43348
89359	10.273333	48.407043
89332	10.318667	48.337528
89332	10.305326	48.372596
89332	10.291038	48.348836
86371	10.389531	48.1998
86371	10.297763	48.23717
86371	10.324676	48.256156
86371	10.313389	48.204561
86371	10.313066	48.303642
86371	10.363351	48.189497
86467	10.493311	48.242055
86467	10.455458	48.308592
86467	10.470124	48.282534
86473	10.53914	48.227088
86473	10.532308	48.293618
89285	10.093865	48.25525
89253	10.10286	48.222701
89276	10.123851	48.428565
89210	9.998683	48.392999
89270	10.051368	48.437492
89297	10.230854	48.278334
89243	10.04419	48.323834
89266	10.076052	48.277272
89260	10.160072	48.304461
89284	10.10655	48.379539
89284	10.160693	48.354606
89281	10.11339	48.159753
89281	10.129397	48.123643
89281	10.170488	48.147788
89290	10.178679	48.222374
89290	10.19101	48.173533
89290	10.169778	48.196151
88131	9.661948	47.571583
88178	9.903624	47.630203
88129	9.684376	47.546458
88151	9.885042	47.602267
88149	9.608645	47.576263
88145	9.833368	47.627061
88175	9.848308	47.581684
88142	9.638482	47.570249
88168	9.916736	47.582302
88145	9.829729	47.649596
88138	9.777567	47.610295
88138	9.763071	47.588967
88138	9.721621	47.579215
88167	9.98642		47.647887
88167	10.008958	47.628527
88167	10.050338	47.65296
88167	9.972841	47.622886
88167	9.944133	47.564533
88167	10.004356	47.593471
87622	10.70045	47.569686
87656	10.667839	47.921672
86983	10.795091	47.701215
87611	10.618465	47.779483
87665	10.669985	47.892332
87482	10.500066	47.621926
87459	10.557878	47.581473
87671	10.412979	47.898111
87643	10.736935	47.576893
87642	10.820668	47.629783
86802	10.723701	48.035752
86860	10.725372	47.999749
86862	10.740889	48.092526
86875	10.776097	47.996127
87666	10.57232	47.908097
87666	10.6129		47.929763
87666	10.646483	47.953885
87679	10.753276	47.909688
87679	10.741766	47.942458
87679	10.743709	47.878055
87679	10.715039	47.890527
87679	10.713095	47.932307
87640	10.534541	47.817575
87640	10.639856	47.833183
87640	10.726827	47.829747
87640	10.589056	47.81891
87653	10.541831	47.943787
87653	10.511897	47.914934
87653	10.533666	47.875252
87630	10.435285	47.823449
87630	10.419253	47.845843
87630	10.379496	47.828095
87657	10.506919	47.706839
87647	10.469881	47.779165
87647	10.506239	47.771521
87637	10.604366	47.612055
87637	10.633921	47.612561
87637	10.602972	47.698667
87637	10.539754	47.658218
87637	10.605664	47.653945
87637	10.557986	47.722897
87672	10.71286	47.616803
87672	10.718053	47.652601
87675	10.688702	47.737011
87675	10.749235	47.773654
86819	10.592777	48.002989
87740	10.134546	47.998886
86833	10.652382	48.104011
87733	10.394846	47.947929
86865	10.581081	48.137261
87719	10.491139	48.047279
87776	10.352914	48.008522
86874	10.561265	48.102383
87720	10.300894	47.881258
87720	10.26318	47.971213
87720	10.300871	47.941672
87725	10.253448	48.143052
87725	10.283864	48.086384
87725	10.309701	48.149798
87725	10.299785	48.107199
87725	10.224421	48.121675
87725	10.261922	48.182167
87739	10.40141	48.137046
87769	10.427632	48.086861
87772	10.457079	48.120469
87775	10.478717	48.129483
87745	10.518989	48.167869
87757	10.474075	48.172874
87737	10.194234	48.074953
87737	10.151743	48.072741
87737	10.154832	48.038173
87737	10.188971	48.057656
87737	10.150899	48.093359
87746	10.335028	48.03756
87761	10.288982	48.060002
87746	10.419999	48.045102
87746	10.304083	48.01194
86854	10.680117	48.06172
86839	10.639923	48.05981
86871	10.580658	48.070394
86879	10.673361	48.039565
87766	10.211963	47.967567
87766	10.258484	48.02553
87766	10.238632	47.945918
87766	10.208405	47.987719
87766	10.21907	48.002901
87766	10.266633	48.005224
87742	10.494802	48.020061
87742	10.505072	48.002688
87742	10.442289	48.024001
87742	10.466101	47.963267
87758	10.156359	47.90474
87763	10.115516	47.897235
87764	10.129067	47.85645
87728	10.221332	47.875068
87728	10.262371	47.894552
87728	10.200981	47.923644
86661	10.818019	48.682934
86604	10.777945	48.719139
86742	10.455724	48.97034
86655	10.692591	48.786821
86687	10.79681	48.768255
86688	10.946638	48.741629
86690	10.807913	48.657172
86753	10.591308	48.809073
86715	10.49277	48.847442
86698	10.867317	48.672063
86660	10.679235	48.671087
86747	10.502083	48.927633
86748	10.468622	48.923783
86757	10.47642	48.884922
86729	10.621298	49.00813
86729	10.554899	48.965136
86729	10.623252	48.959308
86729	10.649913	48.938941
86729	10.602907	48.921702
86729	10.605363	48.955274
86720	10.616329	48.84666
86720	10.486326	48.725457
86720	10.570377	48.863193
86720	10.469864	48.808833
86720	10.448158	48.758933
86720	10.534662	48.78423
86720	10.57975	48.774266
86720	10.51656	48.817302
86720	10.614636	48.892784
86650	10.76439	48.832623
86650	10.704435	48.823186
86650	10.798165	48.871675
86650	10.724374	48.872377
86650	10.780292	48.902579
86675	10.824739	48.78494
86653	10.904183	48.791856
86653	10.855355	48.841433
86703	10.94659	48.847454
86704	10.974232	48.824459
86638	10.879082	48.707762
86638	10.949824	48.612696
86638	10.906217	48.623205
86638	10.932959	48.721745
86638	10.921054	48.690496
87449	10.215024	47.803647
87488	10.378456	47.735561
87542	10.257416	47.542493
87474	10.239748	47.695984
87545	10.285671	47.538563
87460	10.288985	47.808713
87467	10.344273	47.697468
87490	10.346413	47.80179
87539	10.370607	47.506738
87504	10.221256	47.561482
87493	10.297132	47.780476
87466	10.452462	47.64607
87528	10.021839	47.554303
87555	10.276053	47.408447
87549	10.290746	47.575009
87520	10.281195	47.51239
87477	10.349761	47.661163
87444	10.30443	47.670993
87497	10.410242	47.60257
87487	10.231536	47.745013
87499	10.401867	47.766634
87538	10.103847	47.465751
87536	10.232296	47.461085
87536	10.270591	47.459403
87538	10.239691	47.449379
87527	10.237983	47.495843
87478	10.127984	47.59737
87478	10.126481	47.640846
66111	6.996011	49.236301
66299	7.09686		49.32234
66352	6.839853	49.205999
66265	6.928669	49.338133
66271	7.039191	49.156787
66346	6.884983	49.287743
66287	7.053288	49.324795
66292	6.945007	49.304923
66280	7.060058	49.29895
66333	6.85431		49.249592
66701	6.695571	49.393926
66679	6.743149	49.509713
66663	6.64256		49.44354
66693	6.600077	49.493948
66706	6.385962	49.473131
66687	6.890001	49.53951
66709	6.820098	49.556125
66571	6.967465	49.406885
66557	7.051397	49.377607
66589	7.061476	49.361206
66538	7.178148	49.345482
66564	7.16207		49.402493
66578	7.129121	49.371056
66583	7.152489	49.315412
66763	6.726833	49.351599
66822	6.911515	49.410726
66809	6.788315	49.379009
66780	6.685043	49.37968
66740	6.75122		49.31506
66793	6.806558	49.353678
66839	6.85793		49.440709
66773	6.815906	49.303926
66802	6.698427	49.242233
66787	6.805318	49.261607
66798	6.716472	49.329587
66359	6.801916	49.276851
66806	6.778554	49.304964
66450	7.257578	49.347836
66440	7.252923	49.23727
66453	7.204325	49.149071
66424	7.340244	49.3237
66459	7.226366	49.284514
66399	7.142743	49.197062
66386	7.115276	49.27897
66629	7.248603	49.552395
66646	7.057295	49.451724
66640	7.140686	49.521212
66625	7.143099	49.586753
66620	6.970552	49.606237
66649	7.089249	49.511195
66606	7.173032	49.468359
66636	7.037625	49.483965
10178	13.405538	52.51767
14770	12.563364	52.408651
03046	14.335117	51.759345
15230	14.550979	52.341757
14469	13.05358	52.400355
16356	13.57961	52.576115
16321	13.587484	52.67936
16225	13.820369	52.834577
16341	13.543257	52.654626
16244	13.682846	52.850132
16348	13.449752	52.752045
16356	13.730878	52.630925
16359	13.63123	52.765802
16359	13.836028	52.777824
16359	13.599177	52.842116
16359	13.702863	52.775711
16321	13.62511	52.721251
16359	13.719273	52.7089
16247	13.806665	52.962341
16247	13.707059	53.028652
16247	13.744797	52.97943
16247	13.894945	52.95847
16230	13.81107	52.887165
16230	13.87165	52.90212
16230	13.925103	52.809713
16230	13.968217	52.861098
16230	14.118736	52.922468
16248	13.928078	52.833886
16230	14.044652	52.866613
16230	14.07355	52.932981
15741	13.632815	52.243008
15732	13.622166	52.37158
15754	13.790831	52.293584
15926	13.642563	51.832852
15711	13.624464	52.299444
15907	13.896595	51.942032
15926	13.715887	51.852659
15913	14.037763	52.038253
15749	13.536256	52.264886
12529	13.506629	52.387554
15732	13.596432	52.357838
15745	13.636571	52.321356
15738	13.630155	52.353337
15755	13.655728	52.159665
15755	13.698782	52.10614
15748	13.761856	52.109763
15755	13.836398	52.147148
15755	13.64345	52.154297
15755	13.610567	52.136218
15913	14.016045	51.917765
15913	14.172163	51.879267
15913	14.354101	51.991607
15868	14.30064	51.988274
15913	14.090753	51.92858
15913	14.174865	52.019648
15913	14.168133	51.930504
15913	14.120032	51.912102
15938	13.744925	51.96523
15938	13.576087	51.91603
15938	13.602979	51.970422
15938	13.698458	51.934426
15938	13.829042	52.031752
15938	13.666566	52.010576
15910	13.895191	52.028481
15938	13.764921	51.977766
15938	13.442532	51.941927
15938	13.902915	52.108315
04924	13.394139	51.515956
03253	13.561167	51.635945
04910	13.520152	51.460775
04895	13.236202	51.587007
03238	13.707896	51.629598
04916	13.23544	51.69229
04931	13.220314	51.434662
04932	13.493509	51.429725
04916	13.228504	51.814067
03249	13.644831	51.695472
04938	13.297304	51.593145
03253	13.670059	51.603797
03253	13.563897	51.575187
03253	13.387897	51.606556
03253	13.496651	51.596921
03253	13.429498	51.596654
03238	13.758335	51.737593
03238	13.760687	51.615665
03238	13.732237	51.642931
03238	13.848571	51.588502
04928	13.623827	51.534994
04928	13.558446	51.497262
04928	13.619668	51.463914
04928	13.694503	51.425191
04936	13.471073	51.697732
04936	13.47168	51.763612
04936	13.315825	51.725756
04936	13.416883	51.797024
04936	13.384798	51.722303
04932	13.573388	51.406143
04932	13.67473	51.381269
04932	13.616906	51.386942
04932	13.535293	51.402367
14656	12.997668	52.581603
14624	13.082659	52.535741
14612	13.095729	52.562932
14669	12.843529	52.477436
14715	12.311809	52.522804
14641	12.876378	52.607013
14727	12.337104	52.530804
14712	12.338699	52.606376
14621	13.129571	52.599887
14641	12.942829	52.545674
14662	12.579825	52.73771
14662	12.62743	52.727519
14662	12.640341	52.672338
14662	12.710464	52.675763
14662	12.666402	52.642745
14662	12.685425	52.624672
14715	12.518102	52.636488
14715	12.558619	52.566196
14715	12.505222	52.603483
14715	12.460703	52.630741
14728	12.375881	52.754595
14728	12.369177	52.791655
14728	12.310633	52.703673
14728	12.493926	52.740603
14728	12.342021	52.750977
14728	12.336942	52.666875
15345	13.728164	52.566902
16259	14.031047	52.788194
15370	13.755292	52.531041
15366	13.650114	52.504358
15324	14.360261	52.645821
15374	14.140462	52.503279
15366	13.688932	52.529791
15345	13.815749	52.537708
15562	13.784895	52.471348
15306	14.381058	52.533809
15344	13.881977	52.579644
16269	14.133867	52.721345
16259	13.816021	52.69905
16259	13.958062	52.805096
16259	13.837146	52.737857
16259	13.885506	52.703291
15328	14.511961	52.536635
15328	14.511907	52.613691
15328	14.492552	52.573889
15328	14.552526	52.549931
15328	14.452063	52.608839
15326	14.539936	52.425777
15326	14.534429	52.471733
15326	14.580288	52.501045
15326	14.395128	52.397056
15326	14.44273	52.426849
15377	14.073102	52.568175
15377	13.945498	52.533872
15377	13.949866	52.590786
15377	13.923456	52.527478
15377	14.069325	52.542844
15320	14.353613	52.571655
15320	14.112168	52.611019
15320	14.243104	52.595594
15306	14.31639	52.428725
15306	14.42896	52.44673
15306	14.342499	52.470767
15306	14.403174	52.493759
15306	14.27109	52.522048
16269	14.160301	52.693135
16269	14.278128	52.724922
16269	14.225618	52.663302
16269	14.162889	52.765114
16269	13.987671	52.637357
16269	14.107646	52.664784
16547	13.282792	52.688528
16798	13.145303	53.184686
16548	13.314719	52.630739
16761	13.209009	52.639059
16540	13.279528	52.671291
16766	13.026328	52.76282
16767	13.193664	52.723649
16559	13.393076	52.871681
16775	13.153285	52.896651
16567	13.378858	52.665367
16727	13.111985	52.696092
16515	13.236623	52.754051
16727	13.178818	52.690363
16792	13.332283	52.979224
16775	13.158176	53.007024
16775	13.096307	53.069534
16775	13.120006	53.007176
16775	13.088633	53.019253
16775	13.05065	53.102905
03205	13.949411	51.74682
01983	14.010831	51.588116
01979	13.762113	51.494487
03222	13.968659	51.868584
01998	13.899221	51.518499
01987	13.854253	51.478084
01968	14.004312	51.518751
03226	14.07382	51.783746
03229	14.035029	51.651872
03229	13.916569	51.670289
03229	14.006457	51.691991
03229	14.111179	51.57861
03229	14.164538	51.605157
01990	13.769359	51.416001
01990	13.72453	51.378507
01990	13.799154	51.384458
01990	13.717932	51.400004
01990	13.757121	51.375626
01990	13.727191	51.432007
01945	13.994866	51.400232
01945	13.929125	51.420759
01945	13.894611	51.404965
01945	14.00791	51.432098
01945	13.866195	51.459153
01945	13.936142	51.45178
15848	14.24693	52.172338
15890	14.631279	52.145788
15537	13.754248	52.4197
15848	14.264623	52.102722
15517	14.064713	52.35966
15537	13.822805	52.425521
15848	14.207199	52.212581
15566	13.695636	52.479548
15518	14.165947	52.400101
15859	13.932683	52.257122
15848	14.160976	52.153119
15569	13.756782	52.450193
15295	14.576398	52.251075
15295	14.531031	52.235314
15295	14.669305	52.179839
15295	14.591206	52.230713
15295	14.624213	52.206311
15898	14.635461	52.106323
15898	14.699259	52.064489
15898	14.648753	52.090954
15518	14.148048	52.352247
15518	14.277635	52.344886
15518	14.354154	52.338669
15526	14.062758	52.292978
15526	14.063444	52.241128
15526	14.104684	52.32712
15526	13.998033	52.264685
15526	14.005932	52.216425
15299	14.394097	52.157661
15299	14.406866	52.195416
15299	14.414235	52.245406
15299	14.300804	52.195296
15299	14.533249	52.142495
15299	14.531316	52.189266
15528	13.741699	52.388631
15528	14.025285	52.328301
15528	13.875127	52.341228
16833	12.764153	52.813492
16909	12.364917	53.145062
16866	12.396931	52.940717
16816	12.806498	52.923365
16831	12.892207	53.099024
16909	12.485875	53.163299
16868	12.462		52.891156
16835	12.96994	52.902818
16835	12.986769	52.970129
16835	12.994752	52.881027
16835	13.014725	52.932593
16845	12.22172	52.884617
16845	12.459731	52.802908
16845	12.438658	52.857148
16845	12.396063	52.820337
16845	12.279773	52.889374
16845	12.3167		52.860796
16818	12.723063	52.902483
16818	12.708379	52.918014
16818	12.700449	53.012389
16818	12.645607	53.013421
16818	12.629868	52.877321
16818	12.668225	52.938938
14547	12.977691	52.232322
14806	12.586743	52.140642
14550	12.776671	52.403684
14532	13.22825	52.410025
14797	12.745314	52.319273
14552	13.028498	52.309633
14558	13.104062	52.349935
14548	12.929695	52.311064
14554	12.990947	52.28794
14532	13.216273	52.391689
14513	13.268496	52.400559
14929	12.870622	52.094645
14542	12.934139	52.376456
14827	12.454639	52.114356
14778	12.537066	52.461693
14778	12.629564	52.494945
14798	12.455492	52.495639
14778	12.714854	52.511131
14778	12.715223	52.472329
14822	12.857467	52.225651
14822	12.835251	52.253011
14822	12.762275	52.196813
14822	12.605916	52.278452
14822	12.785999	52.154896
14822	12.659013	52.259962
14823	12.844257	52.145867
14823	12.688242	52.076873
14823	12.669596	52.10196
14823	12.624722	52.054311
14789	12.343381	52.420493
14789	12.320434	52.325115
14789	12.383866	52.369046
14793	12.327259	52.222278
14793	12.374401	52.172173
14793	12.427084	52.233327
14793	12.446419	52.30042
14793	12.46892	52.281348
14793	12.289639	52.266957
16928	12.055363	53.118372
16866	12.250211	52.978437
19357	11.745992	53.156602
19348	11.864297	53.076035
19339	12.02873	52.957032
16928	12.17456	53.149444
19322	11.751411	52.993574
19336	11.948256	52.954958
19336	11.791215	53.00232
19336	11.984255	52.892056
19336	11.870346	52.91894
19336	11.786137	53.021498
19309	11.657758	53.031317
19309	11.601957	53.074161
19309	11.474781	53.090913
19309	11.359147	53.066744
16945	12.198549	53.244381
16945	12.31074	53.247396
16945	12.1553		53.224187
16945	12.141508	53.318158
16945	12.241387	53.31502
16949	11.873277	53.239045
16949	11.967389	53.200474
16949	11.900884	53.218136
16949	12.043185	53.249052
16949	12.101667	53.210928
03116	14.217333	51.657264
03149	14.644601	51.744632
03172	14.712014	51.954129
03099	14.244736	51.74988
03058	14.414071	51.68088
03172	14.635866	51.957956
03130	14.379761	51.571789
03119	14.170222	51.584948
03096	14.244488	51.814903
03096	14.148064	51.834284
03096	14.293614	51.825943
03096	14.227923	51.817596
03096	14.211951	51.850577
03096	14.185683	51.812126
03159	14.597678	51.614654
03159	14.570858	51.601115
03159	14.633589	51.688001
03159	14.661683	51.56729
03159	14.59935	51.638124
03159	14.614958	51.576022
03159	14.536405	51.675179
03185	14.323575	51.890673
03185	14.358076	51.866479
03185	14.507622	51.817153
03185	14.498912	51.861753
03185	14.411595	51.858547
03185	14.455995	51.896992
03185	14.403796	51.823951
03185	14.38664	51.871553
15838	13.405535	52.156432
15837	13.504113	52.049327
15827	13.411951	52.335583
14979	13.307172	52.353582
14913	13.081594	51.99201
14943	13.173009	52.089253
14974	13.262008	52.30004
14913	12.984582	51.978909
14947	13.16802	52.128067
15834	13.418153	52.291187
14959	13.217345	52.218103
15806	13.449172	52.21624
15936	13.428214	51.869415
15936	13.486724	51.904238
15936	13.338552	51.866956
14913	13.193884	51.930042
16278	14.003142	53.017304
17268	13.607102	53.264349
17279	13.315316	53.210926
17291	13.707767	53.331298
17291	13.862039	53.316795
16303	14.287861	53.055494
17268	13.499106	53.120644
17337	13.804721	53.450803
17326	14.126496	53.39961
17326	14.085626	53.342885
17326	13.913651	53.407652
17326	13.947967	53.363791
17326	13.985899	53.414757
16307	14.20808	53.210944
16307	14.388886	53.2087
16307	14.279904	53.204435
16307	14.430128	53.247318
16307	14.351113	53.272293
17268	13.849704	53.127904
17268	13.747927	53.170698
17268	13.641293	53.111703
17268	13.662595	53.184579
17268	13.714647	53.05712
17291	14.006976	53.210716
17291	13.94663	53.315663
17291	13.840199	53.217306
17291	14.101115	53.29826
17291	13.983346	53.237783
17291	14.038335	53.190169
16278	14.211613	53.057677
16278	14.07859	53.106959
16278	14.085547	53.061525
16278	14.142909	53.008517
16278	14.110544	53.141952
18055	12.135993	54.088548
19053	11.414434	53.628545
17159	12.855452	53.897029
17109	13.038196	53.905543
17258	13.439741	53.335556
17033	13.25996	53.557345
17235	13.063351	53.361804
17192	12.686242	53.513209
17111	13.053886	53.828397
17111	12.967709	53.808779
17111	13.020607	53.788771
17111	13.177869	53.820859
17111	12.971224	53.754769
17111	13.15698	53.923854
17111	13.021662	53.763769
17111	12.915312	53.81161
17111	12.956329	53.961796
17111	13.102113	53.794622
17111	12.95682	53.852214
17111	13.144897	53.896274
17111	12.891696	53.793658
17111	13.117717	53.856604
17111	12.907737	53.850361
17111	12.946442	53.903335
17099	13.492971	53.679046
17098	13.55012	53.669394
17099	13.705727	53.621041
17099	13.498903	53.627033
17139	12.68118	53.696842
17139	12.794387	53.706401
17139	12.78668	53.638189
17139	12.74792	53.696542
17139	12.831469	53.768639
17139	12.762134	53.739434
17154	12.790764	53.822436
17214	12.351571	53.512197
17213	12.392639	53.389037
17213	12.512716	53.477876
17213	12.423356	53.475132
17214	12.424283	53.535058
17213	12.477537	53.461671
17214	12.440245	53.519356
17209	12.466377	53.4234
17209	12.31134	53.431649
17252	12.815475	53.274554
17255	13.036122	53.219063
17255	12.970368	53.281414
17255	12.9698		53.225785
17237	13.264627	53.406514
17237	13.122289	53.414065
17237	13.24319	53.356299
17237	13.15505	53.2573
17237	13.312062	53.344173
17237	13.09924	53.444498
17237	13.03222	53.452909
17237	12.94392	53.429184
17237	13.34296	53.390227
17237	12.982267	53.340265
17237	13.20154	53.285911
17039	13.459244	53.701912
17039	13.131115	53.576937
17039	13.372507	53.670857
17039	13.279592	53.651013
17039	13.370182	53.597509
17039	13.338452	53.619149
17039	13.364332	53.553663
17039	13.40359	53.627105
17039	13.290378	53.605947
17039	13.230296	53.608107
17039	13.168469	53.5456
17039	13.194674	53.582274
17219	12.95775	53.484206
17219	12.9241		53.522842
17217	13.087659	53.505303
17217	13.130169	53.520499
17209	12.357289	53.355473
17207	12.579987	53.359038
17209	12.641552	53.277354
17209	12.483362	53.346298
17209	12.437912	53.353266
17207	12.589858	53.415402
17209	12.441375	53.2789
17207	12.544226	53.405769
17209	12.595884	53.274411
17248	12.740067	53.294415
17209	12.475782	53.367842
17207	12.66452	53.378734
17209	12.426838	53.316349
17209	12.617186	53.301012
17209	12.660879	53.304071
17248	12.723413	53.332276
17207	12.605909	53.376237
17252	12.785804	53.225157
17207	12.557348	53.446312
17209	12.337188	53.378838
17209	12.688836	53.329571
17209	12.518873	53.290162
17209	12.488841	53.303312
17194	12.594231	53.569758
17192	12.853673	53.544471
17194	12.426222	53.611121
17194	12.543819	53.537352
17192	12.780172	53.51158
17192	12.621414	53.478795
17194	12.541194	53.637074
17194	12.57638	53.630529
17192	12.773447	53.557545
17192	12.854933	53.586692
17194	12.487204	53.643157
17192	12.784025	53.578836
17192	12.788142	53.533755
17094	13.310132	53.495316
17094	13.436026	53.519109
17094	13.224305	53.47317
17094	13.272109	53.465463
17094	13.443551	53.485573
17094	13.39698	53.539052
17153	12.955089	53.600889
17153	12.98649	53.620855
17153	12.897725	53.757057
17153	12.853157	53.693802
17153	12.969859	53.710632
17153	12.90599	53.660622
17153	12.903021	53.623358
17091	13.067439	53.631781
17091	13.084726	53.590153
17153	12.964903	53.660487
17091	13.036318	53.627786
17153	12.906674	53.697064
17153	12.828055	53.649428
17091	13.104795	53.761062
17087	13.252613	53.693838
17089	13.345233	53.816402
17091	13.162852	53.629719
17089	13.33257	53.788525
17089	13.273035	53.772725
17089	13.167995	53.789466
17089	13.278779	53.791143
17089	13.292323	53.713538
17089	13.339428	53.698172
17091	13.227867	53.647201
17089	13.185195	53.750087
17091	13.050701	53.733707
17091	13.182499	53.716405
17091	13.099614	53.708319
17089	13.379735	53.732882
17091	13.145769	53.72329
17089	13.357072	53.716324
17091	13.121768	53.652363
17091	13.078138	53.678507
17349	13.594998	53.535637
17349	13.50457	53.554577
17349	13.506004	53.529242
17348	13.512889	53.480605
17349	13.571824	53.57953
17337	13.700496	53.552733
17349	13.647699	53.559186
17348	13.58319	53.459087
18209	11.89935	54.106684
18196	12.226774	54.017364
18181	12.23808	54.250884
18273	12.175691	53.794458
18236	11.796062	54.071022
18225	11.751251	54.141683
18233	11.673184	54.032344
18190	12.375461	54.077623
18239	11.894345	53.988631
17166	12.575889	53.773591
18211	11.984106	54.111554
18209	11.978504	54.078304
18211	11.939225	54.138729
18209	11.907592	54.07685
18211	11.952838	54.160638
18209	11.84936	54.089474
18209	11.875228	54.045973
18209	11.822888	54.104686
18209	11.788644	54.124463
18249	11.878243	53.812379
18246	11.890659	53.9023
18246	11.984565	53.847738
18249	11.968113	53.785755
18246	11.89606	53.95359
18246	11.965675	53.937799
18249	11.926667	53.913779
18246	11.938481	53.820705
18246	11.926991	53.842626
18249	12.016993	53.778985
18249	11.881668	53.784681
18246	12.046056	53.834796
18184	12.257953	54.0819
18184	12.288015	54.131233
18184	12.204181	54.072404
18184	12.301936	54.094992
17179	12.740792	53.899928
17179	12.664874	54.02899
17179	12.645242	53.937737
17179	12.779332	53.939614
17179	12.710326	53.968941
17179	12.597111	53.986353
17179	12.551583	53.952946
18276	12.283503	53.820216
18276	12.0958		53.845417
18276	12.067109	53.820011
18276	12.134937	53.75921
18276	12.061861	53.715301
18276	12.232175	53.859139
18276	12.094615	53.682653
18276	12.143124	53.838762
18276	12.144715	53.88245
18276	12.207027	53.760638
18276	12.34443	53.84301
18276	12.177135	53.671619
18276	12.218139	53.842857
18276	12.137274	53.717302
18292	12.333192	53.616837
18292	12.273269	53.727797
18292	12.26785	53.652481
18292	12.361773	53.680969
18279	12.387568	53.756899
18299	12.364631	53.860177
18299	12.213947	53.947309
18299	12.195504	53.912664
18299	12.346162	53.927441
18299	12.410105	53.928103
17166	12.650883	53.802405
17166	12.582493	53.66043
17166	12.501499	53.813826
17166	12.498443	53.779689
17166	12.492998	53.748243
17168	12.548984	53.874405
17166	12.543112	53.72012
17168	12.613701	53.877142
17168	12.730638	53.842673
17168	12.488542	53.90974
17166	12.566081	53.683274
17168	12.626908	53.894
17168	12.610398	53.857642
17168	12.566884	53.82384
17168	12.452823	53.840743
18233	11.60964	53.997533
18233	11.621001	54.039444
18230	11.697671	54.125959
18233	11.700348	54.074807
18233	11.708623	54.012406
18233	11.705506	53.9662
18230	11.613548	54.105655
18182	12.203506	54.113684
18182	12.340627	54.170895
18182	12.302493	54.202135
18182	12.226247	54.147623
18182	12.241374	54.173634
18258	12.104643	53.976706
18258	12.05248	53.964527
18258	12.073504	53.878433
18258	12.154996	53.89908
18258	12.112737	53.939469
18258	12.070311	53.907882
18258	12.151213	53.94856
18195	12.357532	53.98997
18195	12.513091	54.077747
18195	12.629521	54.047375
18195	12.596573	54.015663
18195	12.495558	53.991342
18195	12.522358	54.087539
18195	12.463248	54.028634
18195	12.559617	54.039334
18195	12.496034	54.057086
18107	12.015869	54.155412
18198	12.0523		54.05311
18069	12.015425	54.102241
18059	12.129609	54.036323
18059	12.094378	54.009645
18198	12.020973	54.040371
18059	12.038635	53.993843
18609	13.605285	54.401814
18507	13.043192	54.113133
18337	12.570959	54.154202
18581	13.47642	54.35431
18546	13.634177	54.513199
18439	13.089973	54.313975
18516	13.119186	54.056054
18374	12.68304	54.435409
18445	12.956614	54.354376
18445	12.948373	54.389128
18445	13.015028	54.40473
18445	13.054042	54.3537
18445	12.989225	54.350148
18445	13.024217	54.374317
18356	12.72658	54.36871
18314	12.695114	54.332951
18356	12.601123	54.359903
18469	12.792493	54.305423
18356	12.734802	54.326153
18314	12.719334	54.295391
18314	12.608704	54.30414
18356	12.674234	54.377452
18317	12.495445	54.310418
18320	12.627245	54.249239
18528	13.430633	54.417301
18528	13.472824	54.428425
18574	13.352371	54.316745
18574	13.213132	54.302221
18528	13.506907	54.484472
18528	13.398463	54.439132
18528	13.39581	54.466244
18574	13.275698	54.297342
18528	13.446593	54.473774
18528	13.3854		54.508581
18528	13.38785	54.379793
18347	12.416249	54.377008
18375	12.536518	54.390748
18347	12.358544	54.292846
18375	12.577086	54.444476
18375	12.571865	54.410101
18347	12.396974	54.345362
18461	12.877572	54.186968
18513	12.930928	54.020364
18461	12.870873	54.109446
18461	12.820081	54.206478
18510	12.98177	54.146392
18461	12.889018	54.200643
18513	12.930708	54.12351
18469	12.809087	54.273462
18461	12.787663	54.212063
18513	12.943523	54.074132
18510	13.064277	54.217602
18519	13.251468	54.213985
18510	13.069792	54.183605
18586	13.702333	54.359106
18586	13.740906	54.341565
18586	13.632229	54.367323
18586	13.692482	54.378093
18528	13.539218	54.388204		
18442	12.840146	54.331634
18442	12.933137	54.233454
18442	12.881608	54.295789
18442	13.033698	54.282169
18442	12.861959	54.343475
18442	12.92321	54.313419
18442	12.968953	54.301425
18442	12.989713	54.226558
18442	13.07226	54.250386
18510	13.097941	54.237099
18556	13.341959	54.635674
18556	13.366538	54.616185
18556	13.230991	54.629914
18551	13.469288	54.569894
18551	13.610953	54.582863
18556	13.417407	54.672905
18551	13.555143	54.524875
18556	13.290399	54.621252
18334	12.65907	54.109956
18334	12.52875	54.111895
18513	12.82182	54.044924
18465	12.80044	54.14131
18334	12.723712	54.161303
18513	12.879109	54.033808
18513	12.882628	54.064848
18465	12.753785	54.152787
18334	12.674012	54.067181
18465	12.757918	54.09459
18320	12.600892	54.223811
18311	12.431833	54.243021
18320	12.682921	54.222447
18334	12.656883	54.181293
18573	13.126612	54.330671
18573	13.294442	54.40372
18569	13.259199	54.456954
18565	13.105547	54.568008
18569	13.301843	54.472669
18569	13.330814	54.54362
18573	13.204735	54.356032
18573	13.29259	54.35598
18569	13.166412	54.514117
18569	13.255514	54.522126
18569	13.181849	54.464901
23936	11.184913	53.864458
23999	11.439916	53.99737
23952	11.466024	53.891577
23996	11.47265	53.770508
23968	11.372593	53.867101
23996	11.360712	53.803679
23972	11.467282	53.842941
23972	11.4496		53.812366
23996	11.510574	53.784554
23972	11.523274	53.853046
23972	11.432941	53.853472
19417	11.578071	53.785613
19205	11.224446	53.70775
19205	11.118522	53.701801
19205	10.983183	53.661817
19205	11.060801	53.651085
19205	11.251535	53.758514
19205	11.017199	53.69452
19205	11.023948	53.613535
19205	11.182889	53.74821
23936	11.116733	53.828021
23968	11.381248	53.898899
23936	11.268161	53.835532
23936	11.066925	53.913159
23936	11.222723	53.792951
23936	11.269001	53.777427
23936	11.21396	53.822092
23936	11.211446	53.887462
23936	11.119962	53.857498
23944	11.20109	53.989162
23948	11.153059	53.928323
23948	11.306226	53.915746
23942	11.045858	53.970527
23948	11.166952	53.965698
23968	11.377066	53.924567
19069	11.339597	53.747671
19071	11.248981	53.676102
19071	11.276128	53.698991
19071	11.285589	53.725778
19209	11.246323	53.631272
19071	11.276599	53.620815
19069	11.373045	53.712715
19069	11.413605	53.726967
19209	11.178418	53.654791
19209	11.175076	53.587265
19069	11.337734	53.682914
19205	11.143018	53.64613
19209	11.15033	53.625299
19069	11.431035	53.693197
19069	11.414398	53.757546
23970	11.584457	53.911201
23974	11.537112	53.99425
23974	11.562368	54.017033
23974	11.53202	53.909104
23974	11.531895	53.944805
23974	11.586495	53.94824
19417	11.643285	53.784795
23992	11.737231	53.911906
19417	11.598573	53.804307
23992	11.7313		53.858356
23992	11.687616	53.864819
23992	11.770604	53.956175
19417	11.704665	53.800469
23992	11.615151	53.863953
23992	11.674872	53.923057
19217	10.935979	53.758146
19217	10.923265	53.719821
19217	10.873376	53.734784
19217	11.062062	53.726732
19217	11.026914	53.770677
19217	11.049883	53.779714
19217	10.866984	53.772825
19217	10.824221	53.730826
19217	10.826126	53.760675
19217	10.7696		53.767405
19217	11.093657	53.766171
23942	10.977683	53.908548
23936	11.047407	53.840985
23923	10.926909	53.816591
23923	10.851513	53.844029
23923	10.811091	53.831497
23923	11.012364	53.84489
23923	10.895326	53.809275
23923	10.985768	53.820759
23923	10.934561	53.847118
23923	10.85983	53.881681
17389	13.693003	53.855297
17489	13.379627	54.09581
17424	14.156445	53.956918
17309	13.990282	53.505112
17335	13.744259	53.506373
17373	14.046489	53.736513
17440	13.862341	53.923399
17440	13.847591	54.047831
17440	13.845043	53.945625
17440	13.878694	54.012528
17440	13.784968	54.034625
17438	13.774621	54.052886
17440	13.754778	53.978658
17375	14.185394	53.669741
17375	14.262179	53.743961
17367	14.081578	53.68022
17375	14.015578	53.755581
17375	14.259912	53.62911
17375	13.896279	53.774312
17375	14.028097	53.720146
17379	13.88174	53.726126
17375	14.156664	53.706873
17375	13.942766	53.703641
17375	13.961923	53.766786
17375	14.163569	53.723365
17398	13.755669	53.832819
17392	13.616904	53.826103
17392	13.593536	53.725383
17398	13.830724	53.790407
17392	13.647054	53.834881
17398	13.782807	53.764624
17391	13.428644	53.796527
17391	13.446721	53.830093
17391	13.393651	53.845617
17391	13.532946	53.838438
17398	13.755412	53.791434
17392	13.568927	53.800528
17391	13.575748	53.835186
17398	13.704449	53.769859
17392	13.626423	53.751571
17392	13.520425	53.779015
17391	13.560041	53.873063
17391	13.406568	53.881912
17129	13.245031	53.846075
17129	13.272797	53.945787
17129	13.301261	53.838959
17126	13.340233	53.924079
17129	13.236376	53.90128
17129	13.242592	53.918969
17129	13.33623	53.878459
17498	13.391812	54.005771
17498	13.354443	54.014802
17498	13.292466	54.046054
17498	13.47336	54.052682
17498	13.32391	54.066754
17498	13.272217	54.088504
17498	13.316622	54.149733
17498	13.374534	54.120382
17498	13.344511	54.104712
17498	13.410717	54.054095
17321	14.168365	53.442139
17322	14.306909	53.511736
17322	14.247195	53.49377
17322	14.272893	53.378091
17321	14.335098	53.414224
17328	14.265689	53.343613
17321	14.212351	53.4533
17329	14.348661	53.332535
17328	14.23566	53.297789
17321	14.26367	53.46442
17321	14.289734	53.414092
17321	14.123524	53.474896
17321	14.202585	53.516003
17509	13.565365	54.104731
17509	13.542309	54.046024
17509	13.672854	54.048988
17509	13.533193	54.075684
17440	13.752524	54.117831
17509	13.532163	54.112634
17509	13.613919	54.135129
17509	13.609203	54.065851
17509	13.6989		54.099356
17509	13.616257	54.115003
17121	13.271276	53.991357
17121	13.129572	53.973646
17121	13.186928	54.023563
17379	13.835683	53.703928
17379	13.888951	53.664787
17358	13.978008	53.59987
17379	13.776919	53.613787
17379	13.821924	53.594758
17358	14.010657	53.629595
17379	13.859025	53.64175
17309	13.90291	53.476331
17309	14.066343	53.439371
17337	13.829164	53.53597
17309	13.939446	53.580841
17309	14.132602	53.53311
17309	14.083058	53.524834
17309	13.920918	53.440432
17309	13.946929	53.496293
17309	14.061317	53.499429
17309	13.977457	53.47244
17309	13.904122	53.543397
17309	14.040951	53.550412
17309	14.092893	53.495312
17449	13.830634	54.114157
17449	13.833332	54.077153
17449	13.769464	54.135818
17449	13.862318	54.086968
17454	13.908919	54.076797
17429	14.07031	53.940693
17419	14.065379	53.886857
17419	14.170027	53.882149
17419	14.206466	53.868539
17419	14.162694	53.918098
17459	13.999692	54.049406
17459	14.006635	54.023088
17429	14.01198	53.923404
17429	14.068495	53.9682
17406	13.928004	53.946939
17406	13.988986	53.867737
17459	14.046749	54.013567
17406	13.92045	53.874003
17459	13.953997	54.067387
17419	14.140752	53.891203
17506	13.378573	53.964782
17506	13.489066	53.947426
17495	13.476549	54.012228
17390	13.592577	53.894115
17506	13.409609	53.937507
17495	13.608866	53.971711
17390	13.632334	53.931421
17495	13.628453	54.006745
17390	13.742438	53.905693
17390	13.722005	53.9364
17390	13.551272	53.924291
17495	13.59402	54.017065
17390	13.672243	53.887578
17495	13.546049	53.981577
19258	10.722631	53.374248
19230	11.191919	53.431894
19249	11.08294	53.30062
19288	11.497142	53.326305
19370	11.847644	53.425581
19258	10.846663	53.416644
19258	10.859512	53.341635
19273	10.954396	53.365236
19260	10.888402	53.380292
19258	10.745801	53.430286
19258	10.802258	53.478608
19258	10.787932	53.381682
19258	10.653447	53.406674
19258	10.683178	53.431347
19273	10.802537	53.330132
19258	10.853129	53.397636
19303	11.248957	53.141778
19294	11.318115	53.241086
19294	11.344488	53.230175
19294	11.376851	53.214666
19294	11.328852	53.212798
19294	11.292486	53.171501
19303	11.140078	53.234784
19386	12.168335	53.501509
19386	12.011534	53.438096
19386	11.943789	53.502834
19386	12.053851	53.407519
19386	12.131564	53.445984
19386	12.026619	53.462799
19376	11.928221	53.317974
19386	12.053533	53.506577
19376	11.938147	53.387011
19376	11.971066	53.309477
19376	11.899838	53.354473
19386	12.00816	53.500246
19386	12.130857	53.394281
19399	12.070443	53.622107
19399	12.089118	53.591077
19374	11.92708	53.580544
19399	12.165222	53.552514
19399	11.986628	53.58767
19300	11.717229	53.262969
19300	11.811652	53.262445
19357	11.769366	53.242412
19294	11.421518	53.230631
19294	11.460874	53.185667
19300	11.564527	53.278844
19294	11.489899	53.286786
19300	11.598372	53.249799
19300	11.540326	53.191363
19300	11.738619	53.285219
19300	11.689672	53.313488
19300	11.62174	53.272869
19300	11.686189	53.283913
19230	11.337504	53.494331
19230	11.28473	53.494516
19230	11.204687	53.327314
19230	11.146894	53.478907
19230	11.298351	53.351979
19230	11.241684	53.512028
19230	11.266067	53.333715
19230	11.360243	53.483489
19230	11.194378	53.513166
19230	11.277452	53.44055
19230	11.24792	53.384197
19230	11.301915	53.42143
19230	11.138559	53.397896
19230	11.346184	53.348289
19230	11.07885	53.378689
19230	11.199955	53.348849
19230	11.082213	53.41136
19230	11.310293	53.394359
19230	11.136422	53.418596
19230	11.147364	53.377053
19288	11.309672	53.3174
19294	11.368941	53.247208
19288	11.369618	53.307337
19288	11.553194	53.346185
19288	11.286972	53.277667
19077	11.459329	53.487188
19288	11.451855	53.416399
19077	11.430042	53.451967
19077	11.378026	53.510773
19077	11.438695	53.475682
19288	11.407922	53.344082
19288	11.503027	53.399572
19306	11.660515	53.362153
19306	11.663924	53.380241
19306	11.585348	53.383153
19374	11.771497	53.487338
19372	11.795175	53.363785
19372	11.801777	53.338856
19372	11.688075	53.48347
19372	11.949649	53.445347
19372	11.718424	53.4071
19372	11.735267	53.358278
19372	11.809046	53.295443
19374	11.822657	53.562753
19374	11.864669	53.515336
19395	12.210565	53.496939
19395	12.264665	53.459171
19395	12.251489	53.38328
19412	11.709013	53.770686
19406	11.951301	53.663979
19412	11.713233	53.737067
19406	11.903641	53.66105
19406	11.89155	53.628644
19406	11.81276	53.677699
19412	11.664236	53.670364
19406	11.973846	53.696025
19406	11.828186	53.711133
19412	11.750775	53.718103
19406	11.920197	53.723475
19412	11.673399	53.758799
19073	11.206936	53.579458
19075	11.35391	53.542809
19073	11.346171	53.606116
19075	11.360257	53.568681
19073	11.217915	53.544627
19073	11.300046	53.574587
19075	11.302118	53.531366
19073	11.330149	53.626663
19073	11.271356	53.577237
19243	11.074364	53.511635
19243	11.115671	53.534073
19258	10.832835	53.493652
19246	10.943267	53.499281
19246	10.888274	53.5309
19260	10.966499	53.401744
19246	10.915544	53.551721
19079	11.516606	53.523683
19089	11.695487	53.59356
19089	11.769151	53.59059
19067	11.527133	53.696104
19089	11.64833	53.57795
19089	11.765585	53.629942
19067	11.503926	53.729836
19374	11.754257	53.527356
19065	11.566038	53.636352
19067	11.547842	53.65749
19067	11.499718	53.66194
19065	11.547517	53.602581
19086	11.499726	53.551695
19065	11.504063	53.599561
19079	11.558024	53.549523
19089	11.642541	53.521072
19089	11.666057	53.55257
09111	12.921602	50.833593
09439	12.989482	50.748949
09456	13.003162	50.580572
08280	12.700986	50.585486
08301	12.682933	50.61039
08359	12.768669	50.474623
09474	12.936978	50.511355
09430	13.018927	50.674606
09427	12.969994	50.646799
08309	12.599287	50.493785
09423	12.966024	50.711352
09432	13.087894	50.692693
09518	13.124789	50.63018
08344	12.787358	50.561375
09394	12.669884	50.746869
09387	12.848674	50.739907
08349	12.721689	50.429487
09477	13.089925	50.514439
08315	12.736067	50.560372
08294	12.732369	50.622709
09496	13.159828	50.651644
09456	13.068688	50.59659
09221	12.866884	50.779498
09484	12.969165	50.419392
09376	12.706087	50.724284
09526	13.339236	50.659281
09514	13.192592	50.720097
08352	12.830031	50.53085
08289	12.640589	50.595164
08304	12.530147	50.502954
08340	12.784811	50.537823
09465	12.993628	50.516535
08328	12.526673	50.533915
09380	12.849866	50.701048
09488	13.019326	50.611884
09419	12.951245	50.670506
09429	13.067596	50.65634
09471	13.028733	50.499583
09471	13.045934	50.546776
09392	12.914707	50.685786
09235	12.929936	50.734171
09390	12.885072	50.708997
09468	12.924195	50.623705
09468	12.950266	50.604862
09385	12.746491	50.739952
09399	12.755475	50.722415
09481	12.912503	50.54137
09487	12.952013	50.559371
09548	13.463361	50.604595
09548	13.406375	50.675204
09548	13.452524	50.648339
09366	12.786017	50.726686
09366	12.779759	50.708319
09405	13.043355	50.758952
09405	13.072274	50.747744
08324	12.684835	50.541775
08321	12.651278	50.569581
09481	12.868758	50.576954
08297	12.811053	50.630002
09437	13.14174	50.7499
09579	13.15194	50.766691
09573	13.10168	50.810614
09627	13.436285	50.898373
09618	13.32197	50.869411
09236	12.881918	50.936675
04720	13.114532	51.12029
09575	13.228813	50.799832
09306	12.931193	51.006513
09557	13.072994	50.858511
09669	13.030777	50.910034
09623	13.533996	50.801948
09599	13.344344	50.914868
09326	12.903355	51.076992
09618	13.318639	50.794271
09603	13.276907	50.966191
04720	13.045513	51.15772
09661	13.12406	50.968719
09633	13.350271	50.953666
04746	12.974007	51.098112
09232	12.798458	50.887106
09306	12.840299	50.973915
09648	13.011983	51.042574
04703	12.926623	51.159434
09573	13.166969	50.800578
09244	12.978527	50.904606
09328	12.754155	50.95988
09619	13.407333	50.808848
09544	13.466661	50.674028
09577	13.024548	50.865093
09600	13.250121	50.900838
09569	13.166415	50.861806
09322	12.706022	50.933482
09623	13.555734	50.7367
09629	13.363415	51.01052
09661	13.06898	50.998064
04741	13.18259	51.065135
09661	13.18038	51.050402
04736	13.017355	51.073265
09306	12.774976	51.004312
09217	12.806921	50.918265
09241	12.759914	50.900744
09249	12.840631	50.918303
09638	13.431301	50.829739
09600	13.400964	50.871319
09648	12.956935	50.967479
09648	12.975993	50.986925
04749	13.159129	51.202502
04720	13.161478	51.167435
09306	12.755705	51.063053
09306	12.799334	51.045679
09306	12.820314	51.031333
09306	12.837831	51.073229
09619	13.451219	50.763562
09619	13.423109	50.711291
08626	12.256069	50.320622
08209	12.402307	50.508726
08648	12.312457	50.223255
08645	12.238262	50.282643
08236	12.391257	50.48394
07985	12.169477	50.608182
08248	12.469861	50.358646
08485	12.36572	50.569303
08258	12.328041	50.311884
08262	12.46299	50.43572
08496	12.355396	50.657197
07952	11.997007	50.580559
08523	12.135285	50.496039
08543	12.175236	50.55903
08228	12.403374	50.531885
08539	12.037253	50.546309
08237	12.504342	50.54012
08538	12.057782	50.447551
08223	12.370054	50.476123
08223	12.362928	50.452963
08223	12.332177	50.460414
08491	12.251439	50.582281
08491	12.248219	50.612651
08606	12.100476	50.39717
08626	12.173805	50.349408
08606	12.175005	50.417078
08606	12.121273	50.370698
08468	12.366175	50.620787
08468	12.302996	50.621891
08261	12.266965	50.37198
08261	12.331151	50.394727
08541	12.225111	50.505762
08233	12.307471	50.54268
08239	12.276051	50.470932
08541	12.220922	50.471616
08606	12.25539	50.434717
08223	12.304045	50.438303
09337	12.637568	50.845071
08427	12.355719	50.703472
09355	12.70763	50.757804
08371	12.542352	50.817863
08118	12.670997	50.661991
09337	12.713152	50.800879
08428	12.324565	50.754918
08134	12.584707	50.6286
08115	12.427018	50.692703
08132	12.581262	50.731455
08459	12.381676	50.791537
09353	12.722076	50.786972
08141	12.557309	50.69965
08412	12.378671	50.736044
08134	12.608715	50.668616
08112	12.515553	50.673643
08056	12.492251	50.719114
08451	12.386924	50.81245
08393	12.460898	50.815499
08147	12.528415	50.565361
08107	12.547335	50.595343
08144	12.459731	50.625377
08107	12.525992	50.62301
09212	12.767069	50.858593
09243	12.720221	50.897953
08393	12.463982	50.849217
08393	12.491538	50.8672
09337	12.663915	50.768683
09350	12.630844	50.756298
09356	12.620489	50.7854
08396	12.536763	50.892077
08373	12.567813	50.854562
08396	12.602857	50.874527
01067	13.736883	51.051697
01477	13.992798	51.097715
02625	14.427688	51.180868
02994	14.0695		51.376325
01906	14.17238	51.175556
02733	14.518265	51.100694
01877	14.247616	51.144952
02692	14.369178	51.147745
02979	14.228082	51.466289
01920	14.133453	51.222129
02633	14.319852	51.179523
02694	14.462673	51.255607
01900	14.024289	51.143211
01920	14.036864	51.239059
02627	14.569045	51.148873
02977	14.244028	51.438944
02699	14.329125	51.310358
02627	14.505323	51.169556
02991	14.097899	51.461489
02999	14.403568	51.38387
02694	14.520035	51.237793
01904	14.298664	51.099337
01920	14.165935	51.359922
01458	13.831724	51.187617
01454	13.921969	51.116404
02627	14.397601	51.244745
02681	14.428566	51.092621
01877	14.234279	51.122415
01936	13.956211	51.330628
02689	14.427111	51.04397
02979	14.371558	51.491032
01904	14.346859	51.063242
01454	13.904681	51.160116
02627	14.659365	51.19694
02681	14.395526	51.097684
02997	14.243586	51.385325
01877	14.179644	51.127691
01877	14.135515	51.15399
01909	14.106568	51.131628
01909	14.106481	51.108859
02692	14.440359	51.119209
02692	14.405921	51.1308
01917	14.098251	51.270734
01920	14.038655	51.280547
01936	13.904688	51.264594
01936	13.877614	51.248941
01936	13.97842	51.282819
02699	14.329203	51.270679
02699	14.291743	51.250033
01936	13.9418		51.204424
01896	13.96816	51.17647
01896	14.049991	51.175275
01896	14.014744	51.182285
01920	14.039214	51.20947
01920	14.241766	51.238273
01920	14.158044	51.263233
01920	14.197599	51.234217
01920	14.223127	51.256263
01920	14.248395	51.301103
02943	14.575506	51.404654
02730	14.582746	51.009334
02826	14.988035	51.155287
02747	14.74397	51.015492
02739	14.667015	50.979222
02957	14.718151	51.516045
02794	14.651481	50.959429
02829	14.879203	51.135912
02763	14.764425	50.917489
02906	14.823061	51.293789
02791	14.731983	50.949642
02899	14.93139	51.014115
02782	14.618954	50.933623
02763	14.806367	50.896384
02953	14.721746	51.545194
02953	14.665674	51.535197
02748	14.826935	51.047102
02899	14.891813	51.064801
02779	14.660908	50.896216
02779	14.701736	50.907406
02708	14.647805	51.074063
02708	14.602287	51.07744
02708	14.664402	51.096514
02708	14.731271	51.078093
02742	14.607337	51.051327
02742	14.531654	51.037369
02708	14.572336	51.060729
02763	14.722028	50.880546
02796	14.698092	50.854179
02785	14.764046	50.869745
02797	14.741702	50.841219
02736	14.541944	51.075898
02736	14.501498	51.059244
02829	14.874801	51.181414
02894	14.799946	51.141076
02894	14.744264	51.18885
02906	14.684646	51.347784
02956	14.785711	51.395819
02923	14.863051	51.364625
02929	14.966788	51.33588
02959	14.567785	51.566559
02959	14.539279	51.544149
02959	14.56065	51.52671
02943	14.718297	51.494719
02943	14.643284	51.50662
02906	14.645712	51.26465
02906	14.701532	51.317135
02906	14.728696	51.267035
02906	14.810038	51.250784
02923	14.899639	51.301033
02923	14.888576	51.244251
02829	14.9692		51.243849
02829	14.935355	51.180897
01640	13.580494	51.126777
01665	13.417104	51.221385
01561	13.658579	51.233487
01609	13.447811	51.412323
01558	13.53055	51.292057
01594	13.31228	51.258137
01665	13.412117	51.141218
01665	13.527862	51.075664
01623	13.30862	51.196631
01662	13.468635	51.159993
01468	13.68009	51.159495
01689	13.543702	51.177449
01683	13.299465	51.058625
01561	13.508779	51.254253
01445	13.659342	51.105975
01471	13.723805	51.215453
01589	13.304633	51.30251
01594	13.21419	51.243246
01616	13.225692	51.352691
01561	13.741189	51.293098
01689	13.571564	51.163186
01619	13.338067	51.333236
01612	13.378093	51.324914
01612	13.383291	51.300746
01609	13.471968	51.387538
01609	13.392856	51.369129
01561	13.673713	51.31545
01561	13.707176	51.303408
01728	13.722393	50.993964
01744	13.666852	50.896593
01833	14.000685	51.029346
01705	13.64812	50.997194
01768	13.781215	50.851929
01809	13.863536	50.980894
01848	14.110821	50.979682
01731	13.759963	50.945374
01844	14.214891	51.025462
01734	13.642121	50.965305
01855	14.269264	50.972858
01833	14.078991	51.048559
01723	13.537465	51.052092
01773	13.757339	50.766357
01776	13.630105	50.76075
01816	13.943289	50.851891
01819	13.907963	50.880306
01825	13.856393	50.863515
01814	14.154659	50.917397
01814	14.140818	50.929714
01814	14.188622	50.894631
01809	13.858124	50.954489
01809	13.862512	50.934367
01824	14.108678	50.91015
01824	14.073736	50.917112
01824	14.081902	50.958174
01824	14.046095	50.874802
01796	14.009953	50.935414
01847	13.998567	50.989001
01829	14.033828	50.957282
01796	13.926797	50.921987
01796	13.938938	50.960723
01774	13.575004	50.793078
01774	13.533263	50.918764
01738	13.562036	50.935552
01737	13.580901	50.98597
04109	12.377931	51.338288
04828	12.710898	51.360574
04564	12.387241	51.202806
04552	12.49747	51.123285
04451	12.538822	51.347926
04821	12.609467	51.333915
04680	12.80675	51.125652
04654	12.556473	51.057446
04643	12.695256	51.05415
04668	12.72714	51.235476
04539	12.281022	51.154307
04463	12.502563	51.270633
04567	12.554765	51.160292
04808	12.872916	51.397925
04827	12.628959	51.358963
04416	12.374495	51.280005
04420	12.220204	51.301272
04575	12.409059	51.152262
04565	12.434362	51.087869
04571	12.4147		51.197768
04808	12.681523	51.432758
04687	12.754884	51.289139
04808	12.735166	51.369968
04442	12.327259	51.217549
04651	12.640283	51.144619
04668	12.609653	51.203122
04683	12.549364	51.23412
04683	12.593686	51.275279
04668	12.637382	51.252142
04523	12.2391		51.147289
04523	12.247643	51.167753
04849	12.584581	51.59479
04874	12.927299	51.456594
04758	13.127338	51.386506
04774	12.996475	51.365946
04509	12.333551	51.52333
04838	12.740395	51.499031
04838	12.632788	51.459845
04838	12.632266	51.546076
04758	13.184519	51.314586
04509	12.463167	51.592229
04862	12.815498	51.507858
04769	13.046003	51.236779
04758	13.106636	51.257096
04758	13.10932	51.297266
04519	12.380413	51.435447
04435	12.221712	51.396211
04425	12.501717	51.38173
04779	12.939444	51.283787
04509	12.207248	51.465778
04886	13.124527	51.527348
04886	13.067067	51.569501
04880	12.883596	51.639733
04880	12.928442	51.61115
04880	12.824604	51.618371
04509	12.453835	51.461574
04509	12.497265	51.496502
04860	12.929504	51.56308
04860	13.004299	51.558563
04838	12.562548	51.422934
04838	12.603693	51.501903
06844	12.241879	51.830855
06108	11.970666	51.482478
39104	11.632726	52.126248
39619	11.489149	52.881825
39638	11.393176	52.527189
39624	11.389156	52.656091
38486	11.161472	52.626213
29410	11.153862	52.852801
38489	11.203595	52.708386
38489	11.089028	52.7
29413	10.908302	52.800712
29413	10.875856	52.751302
38489	10.907754	52.688922
29416	11.114595	52.785222
38489	11.039679	52.70737
29413	11.019325	52.796637
06385	12.043952	51.852549
06766	12.324812	51.625226
06366	11.973406	51.751224
06774	12.400779	51.623901
06386	12.026166	51.792189
06779	12.268773	51.708263
06792	12.211914	51.557328
06369	12.072808	51.672095
39261	12.085469	51.964039
06780	12.122711	51.62858
39179	11.620091	52.199761
39340	11.410945	52.291258
39167	11.482868	52.166273
39326	11.52228	52.234368
39646	10.987352	52.43517
39382	11.227157	52.026437
39171	11.578621	52.040472
39164	11.445377	52.060628
39326	11.62793	52.250483
39326	11.734487	52.358478
39517	11.697357	52.407425
39326	11.609147	52.316878
39326	11.700751	52.296612
39326	11.767588	52.317845
39343	11.460626	52.303615
39326	11.673809	52.290169
39343	11.253666	52.261877
39343	11.085883	52.242316
39345	11.346712	52.320906
39359	11.293033	52.394996
39343	11.24209	52.219333
39345	11.239355	52.332246
39343	11.141635	52.213635
39365	11.210857	52.147988
39365	11.044778	52.189552
39393	11.020955	52.118627
39365	11.07931	52.166282
39365	11.181566	52.156434
39393	11.09769	52.139226
39365	11.160065	52.18522
39393	11.087054	52.06203
39393	11.114198	52.089985
39397	11.218881	51.937091
39397	11.308753	51.942154
06729	12.179131	51.056963
06679	12.099931	51.156134
06686	12.14131	51.255894
06618	11.80982	51.152095
06682	12.022043	51.118406
06667	11.970089	51.200769
06712	12.134473	51.050371
06647	11.478314	51.142355
06647	11.585379	51.208095
06648	11.561354	51.122573
06647	11.411357	51.222222
06647	11.523513	51.215302
06642	11.460967	51.247883
06628	11.637056	51.125757
06722	12.027917	51.042114
06712	12.122231	51.00738
06712	12.071959	51.054601
06724	12.194753	50.97691
06722	12.013142	51.006688
06632	11.732025	51.204907
06632	11.768996	51.212728
06632	11.718901	51.257442
06667	11.870477	51.19643
06638	11.652332	51.279783
06636	11.676223	51.223667
06642	11.577753	51.288914
06721	11.98731	51.076521
06618	11.856874	51.118515
06618	11.778859	51.05726
06721	11.932485	51.080735
06618	11.868537	51.159962
06667	11.92285	51.114032
06618	11.857316	51.137983
06493	11.237514	51.72028
38889	10.952601	51.791278
06463	11.343918	51.732029
38820	11.04731	51.896112
06493	11.139179	51.64064
38838	10.980339	51.975885
38871	10.679796	51.865815
38871	10.757221	51.921309
38875	10.803213	51.769516
38835	10.706798	51.972545
06484	11.143981	51.789264
06502	11.037135	51.75092
38855	10.7843		51.834471
06484	11.197705	51.829924
38822	11.111712	51.929351
38829	11.100333	51.869084
06458	11.254278	51.858329
39397	11.120899	51.967391
06458	11.271652	51.840153
38828	11.17304	51.885175
39175	11.716439	52.159249
39288	11.854736	52.269775
39317	11.984829	52.379328
39307	12.154289	52.4059
39245	11.825518	52.073221
39319	12.024965	52.49836
39291	11.952694	52.139752
39291	11.795508	52.215846
06542	11.384492	51.401795
06333	11.456885	51.696038
06295	11.548		51.528513
06347	11.626745	51.632497
06333	11.514615	51.644922
06343	11.458386	51.597842
06526	11.298597	51.473662
06317	11.67208	51.462929
06536	11.077138	51.463166
06536	11.007196	51.456642
06528	11.199162	51.444223
06528	11.290326	51.416537
06537	11.041425	51.435698
06528	11.207467	51.460899
06313	11.469898	51.543838
06308	11.493238	51.571126
06528	11.429195	51.505531
06295	11.482934	51.482251
06311	11.487612	51.55471
06313	11.484824	51.530713
06308	11.493096	51.583619
06313	11.510712	51.519355
06231	12.069945	51.299231
06246	11.867012	51.387158
06242	11.883678	51.283795
06184	12.116301	51.4287
06188	12.15883	51.525359
06237	12.023504	51.323897
06193	11.901719	51.637419
06217	11.99274	51.357561
06249	11.805026	51.30213
06193	11.949686	51.593677
06268	11.601237	51.380511
06198	11.823656	51.526225
06258	11.985224	51.389674
06179	11.808664	51.450216
06268	11.643646	51.344942
06279	11.568475	51.425991
06268	11.659873	51.36285
06268	11.65471	51.39138
06279	11.667124	51.439647
06268	11.661257	51.29923
06449	11.455041	51.756034
39249	11.880764	51.966471
06406	11.737192	51.794389
39221	11.637674	52.003309
39240	11.774788	51.902787
39444	11.533566	51.847482
06420	11.767742	51.670127
06429	11.766344	51.836428
39218	11.738061	52.02049
06469	11.333106	51.800127
39418	11.583837	51.853448
39435	11.512902	51.931964
39448	11.390763	51.961656
39435	11.555993	51.949545
39435	11.425328	51.941439
39435	11.487188	51.947432
06425	11.67745	51.700463
06449	11.562441	51.764557
39439	11.605461	51.794501
06408	11.669849	51.801134
06425	11.685753	51.74533
39629	11.555013	52.661431
39539	12.075474	52.830791
39606	11.753617	52.787899
39576	11.859247	52.605203
39517	11.805411	52.434795
39590	11.971991	52.543569
39596	12.002138	52.675249
39596	11.852323	52.680118
39579	11.862559	52.717293
39596	11.92681	52.640158
39596	11.947319	52.722925
39606	11.910947	52.779812
39579	11.74164	52.707241
39615	11.982379	52.860907
39524	12.112871	52.748794
39524	12.068475	52.667498
39524	12.046326	52.789726
14715	12.217038	52.677054
39524	12.035891	52.579028
39524	12.114724	52.54883
39615	11.698147	52.923824
39606	11.630284	52.841586
39615	11.876835	52.857082
39615	11.75319	52.890369
39615	11.609359	52.934053
06925	13.046683	51.731338
06905	12.732596	51.683995
06869	12.457663	51.885582
06773	12.455564	51.72918
06917	12.954825	51.790085
06901	12.633727	51.772478
06785	12.404768	51.797869
06886	12.645554	51.867003
06895	12.829442	51.829561
99084	11.027236	50.977122
07545	12.080429	50.876147
07743	11.591842	50.93006
98527	10.68693	50.609536
99423	11.329741	50.980761
99817	10.322388	50.977287
37308	10.137999	51.378474
37327	10.321641	51.387677
37345	10.479369	51.477121
37345	10.421951	51.531112
37339	10.238458	51.458578
37339	10.361241	51.492713
37339	10.310221	51.503662
37339	10.309032	51.456644
37339	10.277652	51.436095
37339	10.31093	51.467902
37339	10.313498	51.481212
37339	10.265023	51.470896
37351	10.314844	51.315205
37351	10.350565	51.296822
37351	10.306093	51.351215
37351	10.281442	51.314041
37351	10.255281	51.341763
37351	10.339385	51.309609
37355	10.476536	51.353469
37355	10.489476	51.381586
37355	10.379293	51.380121
37355	10.38461	51.352236
37355	10.424653	51.370172
37339	10.426213	51.410272
37339	10.487418	51.440092
37339	10.400524	51.395049
37339	10.443275	51.445261
37339	10.398331	51.41134
37318	9.969598	51.377339
37318	9.942934	51.342586
37318	10.044313	51.388773
37318	10.054487	51.413928
37318	10.00681	51.319011
37318	9.9847		51.33692
37318	9.948252	51.374713
37318	9.960293	51.385016
37318	9.948569	51.313435
37318	10.003909	51.38313
37318	10.021544	51.410502
37318	10.003443	51.394321
37318	10.050075	51.400977
37318	9.977248	51.294906
37308	10.192163	51.393158
37308	10.196737	51.351649
37308	10.156194	51.439734
37308	10.220946	51.33269
37308	10.119721	51.423337
37308	10.195217	51.422793
37308	10.21702	51.417863
37308	10.237731	51.391694
37318	10.030568	51.280007
37318	10.014547	51.353887
37318	10.032965	51.308205
37318	10.083292	51.305158
37318	10.067285	51.340492
37318	10.114398	51.333981
37318	10.068923	51.305185
37318	10.041246	51.33432
37318	10.01907	51.339819
37318	10.068083	51.381054
37318	10.04129	51.354429
37318	10.074366	51.362336
37318	10.059818	51.32077
37359	10.306661	51.260418
37359	10.246509	51.239151
37359	10.210525	51.249703
37359	10.27809	51.276661
37359	10.249069	51.292843
37308	10.152434	51.302988
37308	10.100882	51.297587
37308	10.166646	51.231232
37308	10.078401	51.229319
37308	10.134941	51.289997
37308	10.09692	51.248584
37308	10.090774	51.286909
37308	10.120944	51.25238
37308	10.075992	51.257642
37308	10.106792	51.269338
37308	10.165593	51.257824
99755	10.665677	51.587555
99734	10.791619	51.500441
99759	10.530644	51.413215
99755	10.593938	51.556335
99735	10.690569	51.492514
99759	10.644544	51.416639
99735	10.696429	51.413631
99735	10.764287	51.4124
99735	10.701305	51.433137
99752	10.640189	51.456077
99735	10.735913	51.423032
99768	10.865137	51.540729
99768	10.807858	51.555431
99768	10.877536	51.545
99768	10.8344		51.559533
99768	10.786953	51.577129
99752	10.574512	51.440357
99735	10.610471	51.505977
99752	10.5917		51.502971
99752	10.609569	51.472501
99752	10.528508	51.470983
99752	10.522853	51.454215
99752	10.556742	51.459242
99759	10.600674	51.42309
99765	10.939453	51.462573
99765	10.90058	51.480778
99765	10.875723	51.447014
36456	10.298592	50.799712
99830	10.230207	51.137051
36414	9.979598	50.817165
36404	10.02408	50.823079
99848	10.395766	50.956091
36433	10.291577	50.837975
99834	10.075877	50.968063
99820	10.508844	51.020649
36448	10.349155	50.815769
36460	10.084545	50.837986
99837	10.068487	50.939304
99837	10.015056	50.924356
99837	10.041538	50.919775
99837	9.973172	50.934566
36466	10.099954	50.675145
36466	10.119924	50.716558
36466	10.123337	50.67823
36466	10.065576	50.745069
36466	10.130855	50.782393
36466	10.170542	50.735473
36466	10.15542	50.761567
36466	10.169147	50.702214
36466	10.107402	50.671977
99826	10.385777	51.043968
99826	10.364171	51.057873
99826	10.242324	51.051684
99826	10.307958	51.086738
99826	10.275044	51.09547
99826	10.33002	51.135934
99826	10.179429	51.064071
99826	10.271175	51.016799
99826	10.350723	51.070786
99826	10.33412	51.077394
99826	10.337202	51.114666
36433	10.231992	50.811679
36433	10.195231	50.815035
36469	10.143196	50.877717
36469	10.16608	50.839887
99819	10.22993	50.880875
99819	10.203082	50.91357
99819	10.268288	50.935015
36419	9.951776	50.755501
36419	9.949835	50.716792
36419	10.050555	50.701184
36419	9.952184	50.695362
99842	10.365621	50.892673
99842	10.420253	50.915334
36452	10.124589	50.661552
36452	10.098294	50.664091
36452	10.156215	50.626676
99947	10.649621	51.106802
99976	10.443221	51.326296
99974	10.458418	51.209777
99998	10.53003	51.199997
99974	10.455586	51.235441
99996	10.560617	51.307257
99976	10.348401	51.252544
99955	10.838775	51.153642
99955	10.886828	51.155085
99955	10.746496	51.204176
99955	10.785429	51.184177
99955	10.818606	51.191478
99955	10.821713	51.212091
99955	10.709358	51.181918
99955	10.741481	51.143546
99955	10.870633	51.194429
99955	10.814443	51.206012
99955	10.71554	51.156903
99955	10.753213	51.164943
99955	10.771215	51.153186
99991	10.581507	51.16419
99991	10.478124	51.126554
99991	10.564286	51.146419
99991	10.513243	51.136866
99991	10.505347	51.119188
99991	10.576902	51.122284
99991	10.511448	51.109407
99994	10.625499	51.186716
99994	10.647046	51.204955
99994	10.667085	51.173663
99994	10.587315	51.231395
99994	10.679916	51.230695
99994	10.675723	51.19465
99994	10.596955	51.270273
99994	10.65856	51.246183
99955	10.78462	51.11804
99955	10.838522	51.118059
99988	10.304297	51.222807
99988	10.320215	51.163901
99986	10.431492	51.121354
99986	10.447798	51.13978
99986	10.41995	51.165478
06556	11.292898	51.366252
06567	11.100746	51.357318
99713	10.589808	51.341264
06571	11.4325		51.296422
99706	10.869766	51.370471
99707	11.006127	51.372696
06577	11.235644	51.336231
06577	11.175971	51.262443
06577	11.183061	51.277356
06577	11.278638	51.264208
06577	11.215397	51.299629
06577	11.223472	51.25632
06577	11.245569	51.279413
06577	11.171283	51.309823
99718	10.931259	51.233955
99718	10.944013	51.228102
99718	10.999851	51.276607
99706	11.016094	51.288583
99718	10.965217	51.247553
99718	10.975821	51.283257
99718	10.892934	51.259046
99718	10.916297	51.238938
99718	10.829807	51.250235
06556	11.228178	51.396425
06556	11.317655	51.323722
06556	11.363521	51.35358
06556	11.202597	51.385478
06556	11.337353	51.342646
06556	11.372426	51.377646
06556	11.336839	51.314212
06556	11.274031	51.336641
06556	11.221665	51.367655
06556	11.309588	51.392581
99713	10.762472	51.259592
99713	10.788203	51.273251
99713	10.739435	51.286972
99713	10.773914	51.232835
99713	10.691946	51.294546
99713	10.760211	51.284626
99713	10.815089	51.26988
99713	10.803508	51.236322
06571	11.371694	51.29347
06571	11.41212	51.267375
98554	10.59169	50.641673
98593	10.480412	50.754223
98559	10.724059	50.706347
98574	10.45159	50.722559
98587	10.566627	50.698438
98596	10.40787	50.786201
98544	10.652806	50.660126
98617	10.238688	50.562334
98631	10.437103	50.453922
98547	10.544219	50.702921
98547	10.595924	50.677741
98547	10.611463	50.715445
98547	10.549711	50.711556
98547	10.527165	50.686442
98547	10.590313	50.712728
98547	10.552737	50.66753
98634	10.201178	50.598639
98634	10.047106	50.529421
98634	10.145807	50.575898
98634	10.06601	50.544412
98634	10.157634	50.604924
98634	10.117319	50.608981
98634	10.139101	50.549532
98634	10.223835	50.604282
98634	10.063674	50.590544
98634	10.060507	50.609188
98634	10.237248	50.657922
98634	10.23168	50.666241
98634	10.334252	50.633385
98634	10.43203	50.647664
98634	10.241518	50.640755
98634	10.356211	50.69225
98634	10.254477	50.619549
98634	10.30208	50.630275
98634	10.394502	50.628318
98634	10.389334	50.612477
98634	10.368658	50.663562
98547	10.495864	50.527206
98547	10.479588	50.66081
98547	10.53591	50.584056
98547	10.461929	50.529737
98547	10.471476	50.546467
98547	10.490329	50.607977
98547	10.559471	50.519282
98547	10.469248	50.498995
98547	10.4406		50.529899
98547	10.433219	50.509165
98547	10.498474	50.57672
98547	10.531949	50.619517
98547	10.439723	50.608034
98547	10.534369	50.525959
98547	10.434289	50.490936
98617	10.355447	50.490531
98617	10.419048	50.57111
98617	10.348448	50.605071
98617	10.300291	50.595325
98617	10.35926	50.52192
98617	10.414949	50.53108
98597	10.326466	50.760456
98597	10.367483	50.738223
98597	10.250238	50.711522
98597	10.215447	50.702535
99894	10.573924	50.860102
99867	10.70337	50.948759
99891	10.515927	50.876041
99897	10.608225	50.792126
99880	10.555801	50.898046
99894	10.639206	50.855966
99869	10.84984	50.897263
99192	10.913588	50.912628
99880	10.585192	50.919757
99887	10.694229	50.892858
99887	10.659376	50.830837
99887	10.687912	50.843373
99887	10.703703	50.850364
99887	10.702442	50.867687
99869	10.716582	51.034043
99869	10.5845		51.00104
99869	10.736298	50.99958
99869	10.543599	50.994512
99869	10.65936	50.99227
99869	10.517135	50.989625
99869	10.65889	51.017275
99869	10.685325	50.978862
99869	10.58792	50.992319
99869	10.623594	51.020503
99869	10.687706	50.996619
99869	10.688907	51.015026
99869	10.847944	51.016531
99869	10.758794	51.02693
99869	10.788019	50.979661
99869	10.779892	51.005134
99869	10.844599	50.965687
99869	10.817201	50.970164
99869	10.816951	50.992543
99869	10.789886	50.945313
99869	10.867391	50.990189
99958	10.855827	51.07747
99958	10.816198	51.082162
99958	10.827866	51.043617
99958	10.827053	51.055901
99958	10.73168	51.091363
99885	10.78943	50.780775
99885	10.703454	50.819494
99885	10.722582	50.780014
99885	10.73423	50.827192
99885	10.780366	50.80986
99869	10.728165	50.888469
99869	10.76461	50.903534
99610	11.118975	51.159368
99631	11.06815	51.195328
99628	11.416539	51.12125
99628	11.319423	51.143766
99628	11.462488	51.152384
99628	11.323364	51.112849
99628	11.363189	51.134309
99628	11.421433	51.155568
99628	11.272677	51.125819
99628	11.392051	51.138115
99628	11.338157	51.148285
99628	11.457717	51.104899
99189	10.926862	51.082589
99189	10.930425	51.115498
99189	10.953632	51.104478
99189	10.935546	51.064202
99638	11.068387	51.280982
99638	11.154924	51.247609
99638	11.039702	51.259497
99638	11.13015	51.229669
99638	11.080345	51.222335
99638	11.022944	51.225797
99638	11.129574	51.271474
99638	11.089721	51.259715
99638	11.117597	51.239309
99625	11.256597	51.230329
99625	11.28652	51.159585
99625	11.284952	51.15224
99625	11.249169	51.18884
99625	11.328576	51.198795
99625	11.419746	51.175799
99625	11.204393	51.231351
99634	10.942803	51.19004
99634	10.995844	51.108067
99634	10.968406	51.142344
99634	11.002108	51.085988
99634	10.921088	51.157648
99634	10.990218	51.162489
99634	11.000314	51.139395
99634	11.037394	51.154931
99195	11.046054	51.093519
99195	11.143003	51.026875
99195	11.098977	51.093391
99195	11.12754	51.026059
99195	11.017882	51.069624
99195	11.186166	51.034799
99195	11.128416	51.049619
99195	11.144862	51.071322
99195	11.176747	51.078718
99195	11.141538	51.10662
99195	11.202259	51.125004
99195	11.242036	51.133891
99189	10.948364	51.044602
99189	10.890092	51.034941
98646	10.729007	50.425612
98667	10.874862	50.520821
98660	10.617339	50.504554
98669	10.809504	50.407716
98553	10.793651	50.518114
98666	10.969358	50.520034
98630	10.540413	50.398372
98660	10.686759	50.527757
98660	10.596773	50.472586
98660	10.662614	50.537511
98660	10.596074	50.434158
98660	10.658613	50.481686
98660	10.659081	50.544822
98660	10.637541	50.480292
98660	10.632762	50.55038
98660	10.588889	50.515286
98660	10.643076	50.492027
98660	10.653225	50.524477
98660	10.570774	50.555509
98660	10.596859	50.555193
98660	10.652782	50.453532
98660	10.58158	50.572759
98660	10.596848	50.460943
98663	10.725542	50.28002
98663	10.624384	50.298907
98663	10.683116	50.252852
98663	10.622424	50.328646
98663	10.629555	50.238493
98663	10.684479	50.353657
98663	10.811126	50.259225
98663	10.659463	50.316787
98673	10.907349	50.427398
98673	10.952714	50.447947
98673	10.85655	50.449347
98673	10.886191	50.451843
98553	10.749262	50.509068
98553	10.762422	50.528665
99334	10.970076	50.875928
98693	10.915573	50.685965
98704	10.970268	50.671432
99326	11.081605	50.77517
98704	11.019193	50.70109
99326	11.041982	50.752957
98716	10.866908	50.745105
98716	10.853695	50.704539
98716	10.843861	50.717913
98716	10.887983	50.723154
98716	10.888852	50.74417
98701	10.960638	50.564833
98701	11.040123	50.58755
98701	11.0367		50.605804
98701	11.017198	50.606658
98701	11.004886	50.580835
98701	11.050291	50.601224
98708	11.003569	50.648837
98708	11.048865	50.629721
98708	10.933455	50.582772
98708	11.056309	50.660329
99330	10.78914	50.756878
99330	10.791301	50.678107
99330	10.822309	50.730967
99330	10.85049	50.798503
99330	10.812573	50.748323
99330	10.851142	50.76826
99330	10.899211	50.779512
98711	10.859311	50.583665
98711	10.813173	50.607481
98711	10.860164	50.635777
99334	11.04076	50.848169
99334	11.0589		50.826083
99334	10.994645	50.835336
99334	11.092014	50.862945
99334	11.05421	50.866515
99334	11.018077	50.881447
99334	11.103862	50.852321
99334	11.040033	50.901934
99334	11.112346	50.824122
99310	10.946529	50.8333
99310	11.016505	50.821871
99510	11.517423	51.02536
99438	11.283174	50.899497
99444	11.343092	50.858704
99448	11.160457	50.878926
99448	11.150336	50.912913
99448	11.201902	50.854496
99448	11.179058	50.89344
99448	11.236271	50.819245
99448	11.202251	50.888011
99441	11.331865	50.920934
99441	11.475306	50.919402
99441	11.450675	50.966797
99441	11.483882	50.936779
99441	11.45282	50.9533
99441	11.302794	50.912582
99441	11.468126	50.975426
99441	11.370892	50.915268
99441	11.461113	50.931664
99441	11.43721	50.940046
99441	11.448041	50.90689
99441	11.378135	50.911389
99441	11.397359	50.940657
99441	11.359454	50.922497
99441	11.412159	50.977021
99441	11.330877	50.937363
99441	11.4361		50.984929
99428	11.196609	50.958597
99428	11.262186	50.996724
99428	11.22138	50.985827
99428	11.2212		50.958681
99428	11.154139	50.969713
99428	11.19051	51.006448
99428	11.234647	50.96665
99428	11.210902	51.017456
99428	11.243485	50.93925
99439	11.211291	51.052167
99439	11.244403	51.062362
99439	11.344968	51.075569
99439	11.27817	51.033267
99439	11.336247	51.032361
99439	11.311958	51.042017
99439	11.309561	51.033089
99439	11.305985	51.087614
99439	11.373019	51.055792
99439	11.245271	51.079029
99439	11.286072	51.051606
99439	11.400689	51.067585
99439	11.368123	51.044393
99439	11.291234	51.071321
99439	11.208363	51.080977
99439	11.36404	51.03134
99518	11.623832	51.087021
99518	11.578112	51.074755
99518	11.665163	51.101883
99518	11.506891	51.085721
99518	11.582261	51.070155
99518	11.569793	51.063116
99518	11.538159	51.086113
99518	11.662581	51.068321
99518	11.598438	51.030186
99510	11.371115	51.000064
99510	11.441263	51.059959
96524	11.233001	50.340697
96515	11.219879	50.395551
98724	11.159835	50.476118
96524	11.243256	50.313422
96515	11.175725	50.357569
96523	11.158066	50.432443
96528	11.077683	50.377295
96528	10.97916	50.40897
96528	11.005199	50.393734
98724	11.003935	50.518655
98724	11.134693	50.508337
07422	11.261585	50.68475
07334	11.441521	50.645417
07407	11.343744	50.721369
07318	11.361357	50.647648
07407	11.228445	50.759341
07338	11.456972	50.562982
07422	11.308231	50.593372
07407	11.466516	50.742069
07333	11.44187	50.658516
07426	11.102717	50.662894
98744	11.127782	50.571828
98744	11.146938	50.56901
98744	11.053083	50.552775
98744	11.090149	50.571262
98744	11.144311	50.582975
98739	11.191807	50.526283
98739	11.215682	50.511912
98739	11.260281	50.548042
98739	11.217237	50.537906
07429	11.158647	50.655688
07429	11.177305	50.660745
07429	11.231621	50.614542
07429	11.072082	50.629513
07429	11.102499	50.595483
07429	11.209735	50.585129
07429	11.123359	50.629088
07429	11.220214	50.60298
07429	11.195357	50.641931
07429	11.172599	50.632744
07429	11.166552	50.615485
07429	11.241825	50.603455
98743	11.307918	50.525286
07330	11.448099	50.475717
07330	11.380298	50.531837
07338	11.600825	50.592223
07338	11.481941	50.606442
07338	11.429182	50.622706
07338	11.572004	50.588022
07768	11.583575	50.800289
07613	11.979425	50.976379
07613	11.975382	50.961285
07613	11.909498	51.001409
07613	11.942777	50.953
07613	11.998733	50.95628
07613	11.954044	51.017519
07613	11.821689	51.041988
07646	11.773768	50.799841
07646	11.85691	50.831106
07646	11.714883	50.834758
07646	11.689585	50.832402
07646	11.656934	50.843926
07646	11.798051	50.796854
07646	11.646985	50.842774
07646	11.838755	50.815965
07646	11.797136	50.827722
07646	11.724741	50.817845
07646	11.65828	50.811742
07646	11.822534	50.827004
07646	11.773403	50.813506
07646	11.686713	50.857978
07646	11.84649	50.800991
07646	11.893085	50.823866
07646	11.747761	50.846792
07646	11.708043	50.787487
07646	11.727727	50.838457
07646	11.648609	50.821602
07646	11.744947	50.831362
07646	11.79073	50.814457
07768	11.540544	50.830629
07768	11.545048	50.80453
07768	11.512436	50.881908
07768	11.529802	50.793832
07768	11.543018	50.769652
07768	11.564449	50.789713
07768	11.592478	50.820875
07768	11.522751	50.810217
07768	11.62995	50.766866
07768	11.575681	50.787377
07768	11.671619	50.868894
07768	11.601061	50.789722
07768	11.461872	50.855199
07768	11.520178	50.774292
07768	11.474515	50.809301
07768	11.603008	50.849184
07768	11.598357	50.834623
07768	11.618341	50.80408
07768	11.619317	50.867133
07768	11.642431	50.86914
07629	11.856674	50.896145
07629	11.80095	50.871171
07629	11.882379	50.870528
07629	11.824196	50.888943
07629	11.894266	50.855249
07774	11.71095	51.05398
07774	11.736114	51.016759
07774	11.668406	50.972545
07774	11.677986	50.926592
07774	11.621866	50.99635
07774	11.692249	50.949204
07774	11.57889	50.981211
07774	11.701297	50.964679
07774	11.649201	50.987215
07774	11.71561	50.991598
07774	11.760133	51.032861
07774	11.687783	51.033406
07774	11.62547	51.007486
07646	11.79444	50.879487
07646	11.774454	50.853998
07646	11.770715	50.862858
07646	11.747559	50.884328
07646	11.7275		50.857878
07616	11.759303	50.942415
07616	11.721233	50.958208
07616	11.73105	50.941547
07616	11.744655	50.961839
07607	11.901344	50.967554
07607	11.876414	50.99241
07607	11.836937	50.963929
07607	11.786716	50.992094
07607	11.834703	50.98584
07607	11.802209	50.972044
07639	11.773012	50.90367
07639	11.867215	50.916378
07639	11.792353	50.903186
07639	11.754773	50.904948
07639	11.69093	50.892175
07639	11.725291	50.908979
07639	11.81495	50.941826
07639	11.915874	50.92528
07639	11.781417	50.91173
07639	11.882869	50.923374
07927	11.818713	50.406073
07356	11.640131	50.448007
07381	11.593211	50.693547
07907	11.807287	50.577418
07926	11.859201	50.438394
07922	11.856569	50.493599
07343	11.536895	50.463722
07929	11.667196	50.484541
07389	11.70658	50.635018
07907	11.81613	50.643631
07806	11.746219	50.66549
07907	11.783904	50.587966
07907	11.867595	50.625954
07919	11.887131	50.604897
07389	11.719423	50.652161
07907	11.851807	50.611786
07907	11.81962	50.676033
07924	11.76822	50.600207
07907	11.818541	50.599671
07907	11.770125	50.639134
07907	11.807879	50.613794
07907	11.863001	50.648911
07924	11.734826	50.612096
07381	11.622875	50.686955
07381	11.641161	50.693886
07381	11.642483	50.680752
07381	11.668058	50.669276
07381	11.577882	50.740303
07381	11.69059	50.728861
07381	11.651182	50.700391
07381	11.677634	50.695266
07381	11.651114	50.709724
07381	11.702103	50.683199
07381	11.66582	50.697041
07381	11.715537	50.703054
07381	11.600496	50.677443
07366	11.743187	50.429105
07366	11.716119	50.404971
07366	11.697603	50.40216
07366	11.682823	50.417431
07356	11.601481	50.43808
07366	11.740951	50.414335
07366	11.619835	50.405184
07819	11.797266	50.739567
07819	11.904766	50.76838
07819	11.833993	50.721584
07819	11.83284	50.739811
07819	11.90968	50.754807
07819	11.789195	50.7621
07819	11.799257	50.721312
07819	11.861519	50.721938
07819	11.865099	50.734783
07924	11.731988	50.591852
07924	11.683939	50.589655
07389	11.586883	50.621276
07389	11.660538	50.636722
07381	11.629987	50.641371
07381	11.628281	50.620502
07389	11.642559	50.658948
07389	11.565512	50.660924
07389	11.587096	50.645049
07924	11.696336	50.616758
07389	11.534983	50.650584
07389	11.550939	50.630679
07924	11.649081	50.614448
07387	11.539483	50.677278
07806	11.740052	50.719604
07819	11.783412	50.687041
07806	11.742638	50.73581
07806	11.726672	50.780605
07368	11.719497	50.55626
07368	11.660537	50.528378
07980	12.16472	50.753247
07580	12.184789	50.863458
07570	11.957738	50.756945
07586	11.914386	50.876388
07955	11.900867	50.699997
07987	12.257584	50.673923
07570	12.222768	50.799928
07570	12.135433	50.786694
07570	12.193007	50.790322
07570	12.14961	50.819819
07570	12.144833	50.844258
07570	12.1901		50.806484
07570	12.222577	50.845858
07570	12.220647	50.821344
07570	12.240671	50.772418
07570	12.08477	50.75723
07570	12.095107	50.794806
07589	11.966612	50.820323
07589	11.988469	50.829431
07589	11.922377	50.80049
07589	11.913396	50.84241
07589	11.932139	50.820097
07589	11.975798	50.856465
07589	11.875513	50.797033
07589	12.030258	50.814264
07580	12.197497	50.929179
07580	12.157549	50.921512
07580	12.196776	50.902019
07580	12.186665	50.941856
07580	12.171232	50.890636
07580	12.198635	50.95249
07580	12.234237	50.91844
07580	12.14236	50.904286
07586	12.010908	50.930222
07586	11.994737	50.947665
07586	12.002937	50.910068
07973	12.201545	50.654739
07973	12.175647	50.703581
07570	12.04599	50.803337
07570	12.061416	50.773341
07937	11.953632	50.634794
07937	12.001177	50.674873
07937	11.97953	50.649189
07957	12.051165	50.711787
07957	12.110531	50.707403
07957	12.092413	50.680673
04600	12.437252	50.987195
04613	12.331368	51.097963
04610	12.29796	51.042268
04603	12.48554	50.977273
04626	12.354035	50.895281
04626	12.345566	50.934584
04626	12.280087	50.95643
04626	12.31549	50.916138
04626	12.366231	50.96715
04626	12.319799	50.947653
04626	12.261596	50.947936
04626	12.316787	50.966816
04617	12.308886	50.98314
04617	12.465781	51.04865
04617	12.438602	51.032121
04617	12.436902	51.06898
04617	12.453536	51.053212
04617	12.468453	51.016437
04617	12.33447	51.024743
04617	12.386322	50.996105
04617	12.352412	50.992329
04617	12.367928	51.018533
04618	12.582726	50.937087
04618	12.595897	50.912971
04618	12.628307	50.927342
04618	12.589232	50.960103
04618	12.550526	50.9263
04626	12.269508	50.837385
04626	12.286209	50.838866
04626	12.267306	50.894695
04626	12.280183	50.874951
04626	12.253483	50.86399
04626	12.323861	50.831612
04626	12.288435	50.852783
04626	12.283013	50.912042
04639	12.433836	50.888453
04639	12.354895	50.848248
04639	12.42338	50.856197